22.38912804 -77.37482046 -77.61087196 3815500.0
22.14592346 -77.66809657 -77.85407654 4186000.0
22.06723963 -77.82546423 -77.93276037 3243700.0
22.03862589 -77.9542196 -77.96137411000001 3095100.0
22.03147353 -77.93276037 -77.96852647 3733900.0
22.045780399999998 -77.78969957 -77.9542196 4781500.0
21.781116600000004 -78.07582260000001 -78.2188834 2871000.0
21.95278898 -77.9828319 -78.04721101999999 3418900.0
22.2818319 -77.65379113 -77.7181681 6163700.0
21.76680973 -77.56795493999999 -78.23319027 4626600.0
22.03147353 -77.94706724 -77.96852647 3563600.0
21.90987196 -78.06151574 -78.09012804 4589000.0
21.83118813 -77.7467804 -78.16881187 6081400.0
20.86552217 -78.29041488 -79.13447783000001 4263000.0
21.06580901 -78.79113019 -78.93419099 3608500.0
20.95135908 -78.89842632 -79.04864092 2696800.0
20.86552217 -79.04864092 -79.13447783000001 4362100.0
20.52217454 -78.99141702 -79.47782545999999 4937100.0
20.05007153 -79.13447783000001 -79.94992847 5923000.0
20.83691059 -79.02718168999999 -79.16308941 5585400.0
21.10157368 -78.83404936 -78.89842632 5884700.0
21.13018598 -78.61945708 -78.86981402 6085600.0
20.79399142 -78.93419099 -79.20600858 6632300.0
20.86552217 -79.07010086 -79.13447783000001 9546600.0
20.88698212 -78.76967024 -79.11301788 6924100.0
21.03719528 -78.74105866 -78.96280472000001 5150600.0
20.92274678 -78.90557868 -79.07725322 3255500.0
21.00143062 -78.81974249 -78.99856937999999 6982400.0
21.44492132 -78.01144421000001 -78.55507868000001 11457800.0
21.63805365 -78.29756724 -78.36194635 6559500.0
21.90987196 -78.01144421000001 -78.09012804 4891100.0
22.1602289 -77.82546423 -77.83977110000001 3313900.0
22.31759657 -77.6323319 -77.68240343 4186100.0
22.2818319 -77.61802503999999 -77.7181681 4038100.0
22.06723963 -77.71101574 -77.93276037 4366300.0
22.33905579 -77.65379113 -77.66094421 3945800.0
22.23891273 -77.73247496 -77.76108727 4778500.0
22.50357654 -77.45350429 -77.49642346 4678100.0
22.954219600000002 -77.0171681 -77.0457804 4723500.0
23.14735408 -76.72389199 -76.85264592 6018200.0
23.20457868 -76.72389199 -76.79542132 6419600.0
23.075822600000002 -76.7811166 -76.92417739999999 6100100.0
23.71959871 -76.21602217 -76.28040129 7695200.0
23.60515021 -76.28755365 -76.39484979 7017800.0
23.79828255 -76.15879828 -76.20171745 7083300.0
24.07725322 -75.85836981 -75.92274678 4696700.0
24.02002933 -75.96566595 -75.97997067 3942300.0
23.90557868 -75.84406295 -76.09442132 4015700.0
23.82689485 -76.03719527999999 -76.17310515 3619200.0
23.90557868 -75.97997067 -76.09442132 3285900.0
23.87696638 -75.93705365 -76.12303362 3926000.0
23.93419099 -75.97997067 -76.06580901 4494700.0
23.90557868 -75.92274678 -76.09442132 5882500.0
24.12017239 -75.80114378 -75.87982761 3946600.0
24.39914163 -75.52932761 -75.60085837 5195800.0
24.24892632 -75.60085837 -75.75107368 3791500.0
24.71387697 -75.1430608 -75.28612303 6941300.0
24.54220386 -75.17882689999999 -75.45779614 4705800.0
24.60658083 -75.17882689999999 -75.39341917 5377600.0
24.763948499999998 -75.17882689999999 -75.2360515 5980300.0
24.59942847 -75.26466381 -75.40057153000001 5293300.0
24.71387697 -75.05722389 -75.28612303 3105000.0
24.9070093 -75.07868383 -75.0929907 3731900.0
24.72102933 -75.18597997 -75.27897067 3499000.0
24.527897 -75.28612303 -75.472103 3269500.0
24.31330472 -75.57224678 -75.68669528 4199800.0
24.48497783 -75.51502217000001 -75.51502217000001 3908600.0
24.47067239 -75.4434907 -75.52932761 4134500.0
24.24892632 -75.51502217000001 -75.75107368 3616400.0
24.61373319 -75.25035837 -75.38626681 11638200.0
25.48640844 -74.31330472 -74.51359156 12788600.0
25.22889914 -74.32045708 -74.77110086 8066100.0
25.15021531 -74.6495 -74.84978469 4006300.0
25.95851144 -73.91273319 -74.04148856 6989800.0
25.84406295 -73.96995708 -74.15593705 3142400.0
26.06580901 -73.90557868 -73.93419099 4662000.0
26.20886981 -73.76251788 -73.79113019 3653600.0
26.33762589 -73.54077325 -73.66237411 3953500.0
25.90844134 -73.56223104 -74.09155866 6097300.0
26.20886981 -73.64091488 -73.79113019 4384400.0
26.63090129 -73.24749571 -73.36909871 3237300.0
25.93705365 -73.22603791 -74.06294635 4195600.0
26.30185908 -73.61230258 -73.69814092 2599100.0
25.29327611 -73.99141702 -74.70672389 4539400.0
24.86409156 -74.74248856 -75.13590844000001 4609900.0
23.80543705 -75.0929907 -76.19456295 9026600.0
22.79685193 -76.19456295 -77.20314807 11155000.0
24.45636552 -75.52217454000001 -75.54363448000001 5671800.0
24.37052933 -75.30758298 -75.62947067 4720200.0
24.89985694 -74.9713877 -75.10014306 3972800.0
24.878397 -74.75679614 -75.121603 6149900.0
24.22031402 -75.17167454 -75.77968598 4725600.0
24.45636552 -75.32188769999999 -75.54363448000001 5824700.0
22.93991488 -75.64377611 -77.06008512 16516500.0
23.31187411 -76.57367668 -76.68812589 7204100.0
22.20314807 -77.15307582 -77.79685193 6588600.0
22.41773963 -77.26037196 -77.58226037 8263800.0
22.4606588 -77.38197496000001 -77.5393412 5286900.0
22.34620887 -77.64663877 -77.65379113 5348100.0
22.52503577 -76.93132976 -77.47496423 5328800.0
23.42632332 -76.55221745 -76.57367668 3739000.0
23.14735408 -76.50214592 -76.85264592 3430600.0
22.5178834 -76.84549356 -77.4821166 3883000.0
23.04721102 -76.95278898000001 -76.95278898000001 3572100.0
23.17596638 -76.71673748 -76.82403362 3770900.0
21.70243276 -77.31759657 -78.29756724 6045900.0
21.53075823 -78.04721101999999 -78.46924177 5700600.0
21.34477825 -78.27610801 -78.65522175 8392000.0
21.11587911 -78.20457868 -78.88412088999999 6052000.0
21.781116600000004 -78.19742561 -78.2188834 4699600.0
21.98140129 -77.9828319 -78.01859870999999 2706500.0
22.50357654 -77.11015665 -77.49642346 5820900.0
23.03290343 -76.95278898000001 -76.96709657 3576500.0
23.34048641 -76.55221745 -76.65951359 4280800.0
23.22603791 -76.53791059 -76.77396209 3175100.0
23.32617954 -76.43776896 -76.67382046 3728300.0
23.19742561 -76.13018598 -76.80257439 4096000.0
22.90414807 -76.45207368 -77.09585193 2854800.0
22.8683834 -76.87410514999999 -77.1316166 3223200.0
22.00286123 -77.16738126 -77.99713876999999 5806400.0
21.95278898 -77.80400644 -78.04721101999999 5359700.0
21.87410515 -77.9256073 -78.12589485000001 3104300.0
20.89413448 -78.40486338 -79.10586552 6626200.0
20.33619528 -78.90557868 -79.66380472 5267800.0
20.22889914 -79.53504936 -79.77110086 6993400.0
19.878397 -79.69241702 -80.121603 4633900.0
19.84978469 -79.56366166000001 -80.15021531 5281900.0
20.43633834 -79.51359156 -79.56366166000001 4614500.0
20.60801144 -79.29184549 -79.39198856 5118000.0
20.49356295 -79.29184549 -79.50643705 3316600.0
20.17167454 -79.45636551999999 -79.82832546 5240100.0
20.56509227 -79.29184549 -79.43490772999999 5721800.0
20.52217454 -79.07725322 -79.47782545999999 5884400.0
20.31473534 -79.44921316 -79.68526466 5779000.0
19.33476466 -79.7639485 -80.66523534 8874300.0
19.69957153 -80.17882761 -80.30042847 7919500.0
19.68526466 -80.29327611 -80.31473534 6096800.0
19.72818383 -79.82832546 -80.27181617 6225100.0
20.54363448 -79.34906938 -79.45636551999999 5102000.0
20.95851144 -78.96280472000001 -79.04148856 5194100.0
21.20171745 -78.77682475 -78.79828255 2971700.0
20.65093062 -78.73390558 -79.34906938 4670800.0
20.586551500000002 -79.06294635 -79.4134485 4355700.0
20.13590844 -79.14878469 -79.86409155999999 6163200.0
19.97854077 -79.84978469 -80.02145923 5164700.0
20.61516381 -79.27754006 -79.38483619 4052300.0
19.91416381 -79.44921316 -80.08583619 5927700.0
20.236051500000002 -79.72102933 -79.7639485 3288900.0
20.35765451 -79.52074464 -79.64234549 2891400.0
20.55078684 -79.43490772999999 -79.44921316 4722100.0
21.33047282 -78.63376252 -78.66952718 5157200.0
21.07296209 -78.76967024 -78.92703791 4874400.0
20.18597997 -79.32761016 -79.81402003 3952400.0
19.69241702 -80.12875536 -80.30758298 4552800.0
19.56366166 -80.07868383 -80.43633833999999 3420900.0
19.42775322 -80.20028684 -80.57224678 4635900.0
20.94420601 -78.87696638 -79.05579399 10206500.0
21.05865451 -78.78397783 -78.94134549 4255500.0
20.41487911 -79.07010086 -79.58512089 4729800.0
20.42918383 -79.49928469 -79.57081617 4716700.0
20.0 -79.40629399 -80.0 4365600.0
19.57081617 -80.2074392 -80.42918383 4102800.0
19.80686767 -80.0929907 -80.19313233 6108700.0
19.678112300000002 -79.878397 -80.32188769999999 4125700.0
20.0 -79.93562303 -80.0 4677700.0
19.79971316 -79.84263233 -80.20028684 3624800.0
19.29184549 -80.25751144 -80.70815451 7467400.0
20.236051500000002 -79.6495 -79.7639485 5088500.0
20.89413448 -79.07725322 -79.10586552 3802900.0
21.35193062 -78.54792561 -78.64806938 3164900.0
20.73676681 -78.74821102 -79.26323319 3085800.0
20.62947067 -79.08440558 -79.37052933 3923600.0
20.69384764 -78.97711016 -79.30615236 2937100.0
20.67954292 -79.12732475 -79.32045708 2481000.0
20.83691059 -78.92703791 -79.16308941 4135400.0
20.86552217 -78.99856937999999 -79.13447783000001 3676700.0
21.03719528 -78.81974249 -78.96280472000001 5233900.0
21.48784049 -78.39771102 -78.51215951 6245200.0
21.85264592 -77.87553577 -78.14735408 6663100.0
22.19599356 -77.7253226 -77.80400644 5145400.0
22.2818319 -77.61087196 -77.7181681 4078500.0
22.00286123 -77.58226037 -77.99713876999999 5396500.0
21.85980043 -77.88984263 -78.14019957 3913800.0
22.954219600000002 -76.99570815 -77.0457804 5083900.0
22.88984335 -77.01001359 -77.11015665 3866800.0
23.13304721 -76.79542132 -76.86695279 3996700.0
23.30472175 -76.63805365 -76.69527825 4729000.0
23.86981402 -76.00858298 -76.13018598 8493600.0
24.12732475 -75.47925536 -75.87267525 8238500.0
23.31187411 -75.95851144 -76.68812589 6835800.0
23.63376252 -76.11587911000001 -76.36623748 5904700.0
23.36909871 -76.30901359 -76.63090129 4522200.0
23.74821102 -76.02288984 -76.25178898 5224600.0
24.177397 -75.73676681 -75.822603 4003000.0
24.14163019 -75.70100215 -75.85836981 2680200.0
24.09155866 -75.73676681 -75.90844134 4812100.0
24.54220386 -75.33619528 -75.45779614 4471500.0
24.48497783 -75.42918383 -75.51502217000001 4072500.0
24.66380472 -75.15021531 -75.33619528 3888800.0
24.7925608 -75.12875536 -75.2074392 2889600.0
24.33476466 -75.3505 -75.66523534 5580600.0
24.7925608 -75.07153147 -75.2074392 3486600.0
24.8569392 -74.96423534 -75.1430608 4276600.0
24.8569392 -75.02145923 -75.1430608 3521400.0
24.96423534 -74.84978469 -75.03576466 3706000.0
24.89270386 -74.96423534 -75.10729614 4473700.0
24.74248856 -75.13590844000001 -75.25751144 2316200.0
24.97854077 -74.72818383 -75.02145923 3349600.0
24.89270386 -74.95708083 -75.10729614 2703500.0
24.8569392 -74.878397 -75.1430608 2885400.0
25.07868383 -74.82832546 -74.92131617 2930000.0
25.114448499999998 -74.7639485 -74.8855515 3352800.0
25.74391917 -74.22031402 -74.25608083 3856600.0
26.02288984 -73.96280472000001 -73.97711016 3263200.0
25.87982761 -73.97711016 -74.12017239 2605700.0
25.379112300000003 -74.12017239 -74.6208877 4461100.0
25.22174464 -74.49213233 -74.77825536 4641200.0
25.55793991 -74.39198856 -74.44206009 5294900.0
26.00858298 -73.14019957 -73.99141702 9890500.0
25.89413448 -73.80543705 -74.10586552 6752000.0
25.06437697 -74.35622389 -74.93562303 6894700.0
25.18597997 -74.71387697 -74.81402003 3886400.0
25.91559442 -73.96280472000001 -74.08440558 4135100.0
26.08011445 -73.91273319 -73.91988555 2985200.0
25.95135908 -73.84120172 -74.04864092 3195800.0
25.34334764 -74.34906938 -74.65665236 3200300.0
25.99427825 -73.94134549 -74.00572174999999 3026500.0
26.00143062 -73.93419099 -73.99856937999999 1094600.0
25.50071531 -74.24177325 -74.49928469 4813000.0
25.05007153 -74.67811230000001 -74.94992847 6086600.0
25.83691059 -74.14163019 -74.16308941 5770800.0
26.26609442 -73.64806938 -73.73390558 4237300.0
26.8097289 -73.11158727 -73.1902711 4565400.0
26.55936981 -73.24749571 -73.44063019000001 2309200.0
26.88125823 -72.90414807 -73.11874177 5754700.0
26.93848426 -72.98998641 -73.06151574 4697100.0
27.21745279 -72.7753927 -72.78254721 4770300.0
27.56795494 -72.17453577 -72.43204506000001 7753300.0
27.68240343 -72.03862588999999 -72.31759657 6566400.0
27.82546423 -71.93848426 -72.17453577 4478000.0
27.52503577 -71.96709657 -72.47496423 4601700.0
28.42632332 -71.55221745 -71.57367668 6021800.0
28.99856938 -70.6795422 -71.00143062000001 9358600.0
29.06294635 -70.90844134 -70.93705365 5625100.0
29.206009299999998 -70.62947067 -70.7939907 5054100.0
29.37052933 -70.62947067 -70.62947067 3849500.0
29.37768169 -70.4434907 -70.62231831 2290400.0
29.98569313 -69.91416381 -70.01430687 5207900.0
29.69241702 -69.89985622 -70.30758298 4221900.0
29.821173100000003 -69.94277539000001 -70.17882689999999 2677000.0
29.74964163 -70.06437697 -70.25035837 2217200.0
29.63519313 -70.17167454 -70.36480687 2050700.0
29.95708083 -69.8569392 -70.04291917 4994000.0
29.678112300000002 -69.8855515 -70.32188769999999 5017200.0
29.61373319 -70.15021531 -70.38626681 4519000.0
29.670957799999996 -70.07153147 -70.3290422 4699000.0
29.77110086 -70.10014306 -70.22889914 3810900.0
30.20028684 -69.44206009 -69.79971316 4397900.0
30.71530758 -69.02002933 -69.28469242 4635000.0
30.85121531 -68.94849785 -69.14878469 3443500.0
30.73676681 -69.07725322 -69.26323319 2343700.0
30.94420601 -68.97711016 -69.05579399 3097500.0
31.72389199 -68.20457868 -68.27610801 4168200.0
30.3505 -68.31902718 -69.6495 6341700.0
30.25035837 -69.54220386 -69.74964163 6814900.0
30.121603000000004 -69.05579399 -69.87839699999999 4200400.0
30.59370601 -69.39198856 -69.40629399 2890300.0
30.53647997 -68.86981402 -69.46352003 4379600.0
30.45064378 -69.26323319 -69.54935621999999 5490500.0
30.36480687 -69.177397 -69.63519313 4459200.0
29.31330472 -69.58512089 -70.68669528 5074400.0
29.92131617 -70.07868383 -70.07868383 5160000.0
30.07868383 -69.45636551999999 -69.92131617 4736800.0
29.49213233 -70.02145923 -70.50786767 5551100.0
29.320457799999996 -70.54363448000001 -70.6795422 4924800.0
30.75107368 -69.14878469 -69.24892632 7265100.0
31.78826896 -68.0472103 -68.21173104 6388700.0
31.59513662 -68.01859870999999 -68.40486338 5220900.0
31.06580901 -68.40486338 -68.93419099 5283600.0
31.47353362 -68.51931402 -68.52646638 4579500.0
32.20314807 -67.70386123 -67.79685193 6201600.0
32.03862732 -67.51073104 -67.96137268 4865300.0
30.50786767 -67.81115736999999 -69.49213233 10243200.0
31.16595064 -68.81258941 -68.83404936 5815400.0
31.41630973 -68.52646638 -68.58369027 3665200.0
31.41630973 -68.31902718 -68.58369027 6137600.0
30.39341917 -68.70529328 -69.60658083 5792800.0
28.93419099 -69.42060086000001 -71.06580901 9889700.0
29.43490773 -70.27897067 -70.56509227000001 6228700.0
30.30042847 -69.66380472 -69.69957153 6007700.0
30.10014378 -69.49213233 -69.89985622 4292200.0
29.09871316 -69.60658083 -70.90128684 5719700.0
29.65665236 -70.26466381 -70.34334764 4721400.0
30.62947067 -69.14163019 -69.37052933 6092400.0
33.44062804 -66.51645279 -66.55937196 18664100.0
32.81115737 -66.52360515000001 -67.18884263000001 10355400.0
32.88269027 -66.94563662 -67.11730973 5445300.0
32.93991488 -67.06008512 -67.06008512 4869600.0
32.10300429 -67.30329112999999 -67.89699571 6788200.0
32.43204506 -67.45350644 -67.56795493999999 6208700.0
32.07439056 -67.51788339999999 -67.92560944 7917800.0
31.34477825 -68.40486338 -68.65522175 9660500.0
30.27897067 -68.69814092 -69.72102933 7049600.0
30.36480687 -68.89842632 -69.63519313 6082800.0
30.71530758 -68.75536552 -69.28469242 5429200.0
31.43776896 -68.26180258 -68.56223104 4382300.0
30.89413448 -68.56223104 -69.10586552 3381600.0
31.23748212 -68.63376252 -68.76251788 5258000.0
31.40915665 -68.44778255 -68.59084335 3846500.0
31.50214592 -68.16881187 -68.49785408 2914400.0
31.44492132 -68.0472103 -68.55507868000001 4169800.0
31.87410515 -68.08297568 -68.12589485000001 3209300.0
32.2532196 -67.68955579 -67.7467804 3514700.0
32.03147496 -67.79685193 -67.96852504 3068400.0
32.28898212 -67.46781186999999 -67.71101788 3092700.0
32.0672382 -67.51788339999999 -67.93276180000001 2983100.0
32.43204506 -67.45350644 -67.56795493999999 4385200.0
32.39628255 -67.31044349 -67.60371745 3287900.0
32.09585193 -67.49642202999999 -67.90414806999999 2939100.0
32.11015737 -67.33190128999999 -67.88984263 2798000.0
32.1816867 -67.55365021 -67.8183133 2207100.0
32.14592346 -67.52503577 -67.85407654 3874600.0
33.32617954 -66.57367668 -66.67382046 7127400.0
33.35479328 -66.58082976 -66.64520672 6499500.0
33.97711159 -65.6795422 -66.02288841000001 6851500.0
33.31902718 -66.48783906 -66.68097282 6401000.0
33.43347568 -66.52360515000001 -66.56652432 6125100.0
34.7925608 -65.07152933 -65.20743920000001 5067700.0
35.29327754 -64.66380687 -64.70672246000001 4284100.0
34.46352003 -64.82117454 -65.53647997 4669000.0
35.33619313 -64.06294635 -64.66380687 6710400.0
35.78683834 -64.15593705 -64.21316166 3805000.0
35.99427825 -63.84835408 -64.00572174999999 3151500.0
35.701 -63.74821102 -64.299 3312500.0
36.080116600000004 -63.69098641 -63.919883399999996 3657800.0
36.19456509 -63.74821102 -63.80543491 3154300.0
35.40772604 -63.72675322 -64.59227396 5215200.0
35.1716731 -64.27038555 -64.82832690000001 4840700.0
35.57224678 -63.85550715 -64.42775322 3613200.0
35.67954292 -64.21316166 -64.32045708 2830800.0
36.24463662 -63.70529185 -63.75536338 5826500.0
35.78683834 -63.76967239 -64.21316166 4219700.0
36.00143062 -63.81258798 -63.99856938 5065300.0
37.61087411 -60.42203147 -62.38912589 14105600.0
37.4248927 -62.08869957 -62.5751073 7251700.0
36.60228755 -62.86838126 -63.39771245 6319000.0
37.00286123 -62.9184535 -62.99713877 5553600.0
36.59513448 -62.8183133 -63.40486552 7214600.0
36.26609442 -63.36909871 -63.73390558 4684400.0
35.12160086 -64.37052933 -64.87839914 5963500.0
34.8283269 -64.77825536 -65.17167309999999 4805200.0
35.06437697 -64.72103147 -64.93562303 5223200.0
35.32904077 -64.52074392 -64.67095923 4569300.0
35.47925608 -64.4134485 -64.52074392 2993900.0
35.67238984 -64.21316166 -64.32761016 3694000.0
34.33476252 -64.38483405 -65.66523748 5815200.0
34.46352003 -65.21459227 -65.53647997 4654900.0
33.92704006 -65.701 -66.07295994 4042000.0
33.66237625 -66.02288841000001 -66.33762375 2882100.0
34.12017096 -65.62947067 -65.87982904 5771500.0
34.14878469 -65.61516595 -65.85121531 6588300.0
34.84263233 -64.85693705 -65.15736767 4587100.0
34.47067239 -64.99284764000001 -65.52932761 5479300.0
33.99856938 -65.3791123 -66.00143062000001 5627500.0
35.02861445 -64.31330471999999 -64.97138555000001 6710900.0
33.88412089 -65.33619313 -66.11587911000001 4896400.0
33.66237625 -65.83690987 -66.33762375 4245000.0
33.92704006 -65.62231831 -66.07295994 5989500.0
34.60658298 -65.2861216 -65.39341702 5328300.0
35.63662375 -64.00572174999999 -64.36337625 4937700.0
35.01430544 -64.34907153 -64.98569456 3200300.0
35.321887700000005 -64.60658226000001 -64.6781123 4860000.0
34.68526466 -64.7138784 -65.31473534 3699500.0
34.94277611 -64.84263233 -65.05722389 4281500.0
36.10872675 -63.72675322 -63.89127325 4629300.0
36.18741202 -63.41917024 -63.81258798 4879400.0
36.55937196 -62.81115737 -63.44062804 4887200.0
37.19599571 -62.71101788 -62.80400429 3925000.0
36.952789700000004 -62.80400429 -63.047210299999996 2608600.0
37.067238200000006 -62.88984263 -62.932761799999994 3521200.0
37.46781187 -62.36051574 -62.53218813 3384900.0
35.92990129 -62.97568097 -64.07009871 11101200.0
35.1144485 -64.30615236 -64.88555149999999 4169600.0
34.38483405 -65.20028683999999 -65.61516595 5866800.0
34.43490629 -65.17167309999999 -65.56509371 7282100.0
33.85550715 -65.472103 -66.14449285 5226500.0
33.67668169 -65.94420601 -66.32331830999999 5284800.0
32.517883399999995 -66.55221531000001 -67.48211660000001 9249300.0
33.57653791 -66.32331830999999 -66.42346209 4987300.0
33.56223319 -66.35193276 -66.43776681 5347700.0
33.56223319 -66.16595064 -66.43776681 5937800.0
33.54077182 -66.28039914 -66.45922818 2894100.0
33.19027325 -66.58082976 -66.80972675000001 2576600.0
32.07439056 -67.05293276 -67.92560944 7169700.0
30.37195994 -68.21173104 -69.62804006 9148200.0
30.17167454 -69.39914092000001 -69.82832546 10474500.0
30.15736767 -69.32761016 -69.84263233 5363900.0
29.177396999999996 -69.39914092000001 -70.822603 7920500.0
27.85407654 -70.57224678 -72.14592346 7940200.0
28.04005794 -71.87410514999999 -71.95994206 6587200.0
26.40200215 -72.2246073 -73.59799785 8617500.0
26.17310515 -72.82546423 -73.82689485 12583600.0
23.29041488 -74.29899785 -76.70958512 13254000.0
24.47067239 -75.50786767 -75.52932761 11422600.0
22.78254721 -75.85836981 -77.21745279 14205400.0
24.68526466 -74.97854006 -75.31473534 11281700.0
25.90128684 -73.57653791 -74.09871316 13183900.0
26.82403362 -73.12589485000001 -73.17596638 9078300.0
26.20171745 -72.7253226 -73.79828255 10777100.0
25.60801144 -73.35479185 -74.39198856 6578200.0
23.05436338 -75.24320386 -76.94563662 10285300.0
22.23176037 -76.56652432 -77.76823963 8476400.0
21.81688126 -76.96709657 -78.18311874 9511700.0
22.78969957 -76.93848426 -77.21030043 11927800.0
23.66237482 -76.30185908 -76.33762518 7933300.0
23.62661016 -75.76537911 -76.37338984 9486200.0
24.94277611 -75.0 -75.05722389 10275300.0
26.26609442 -73.63376252 -73.73390558 10804800.0
26.19456295 -73.47639484999999 -73.80543705 5448700.0
26.37339056 -72.7753927 -73.62660944 7548600.0
25.63662375 -73.28326252 -74.36337625 6791200.0
24.60658083 -74.9070093 -75.39341917 7926600.0
24.26323319 -75.65093062 -75.73676681 10573200.0
25.52932761 -74.32045708 -74.47067239 8880600.0
24.42060086 -74.59942846999999 -75.57939913999999 8666000.0
23.86266166 -75.30042847 -76.13733834 6258500.0
23.89842632 -76.00858298 -76.10157368 7395800.0
24.878397 -74.96423534 -75.121603 7681400.0
26.16595064 -73.36194635 -73.83404936 9617100.0
26.49499356 -73.36909871 -73.50500644 6804400.0
26.00858298 -73.24034335 -73.99141702 6992500.0
25.00715236 -74.6709578 -74.99284764000001 8326900.0
25.07153147 -73.89842632 -74.92846853 6024200.0
23.06867024 -74.89270386 -76.93132976 11669500.0
22.38197496 -77.40343276 -77.61802503999999 8830600.0
22.66094421 -76.95278898000001 -77.33905579 6071300.0
23.16881187 -76.73819742 -76.83118813 7663800.0
24.00572175 -75.27897067 -75.99427825000001 6660400.0
22.6323319 -75.89413448 -77.3676681 6491100.0
23.26180258 -76.47353362 -76.73819742 6669400.0
22.35336123 -76.99570815 -77.64663877 5866200.0
21.03004292 -77.79685193 -78.96995708 7265200.0
22.18168813 -77.80400644 -77.81831187 7549200.0
22.97567954 -76.98855578999999 -77.02432046 6863400.0
23.99141702 -75.99427825000001 -76.00858298 7000000.0
22.43919957 -76.65236123 -77.56080043 11309200.0
23.82689485 -76.07296209 -76.17310515 5389200.0
24.27038555 -75.60085837 -75.72961445 5474000.0
24.16309013 -75.26466381 -75.83690987 10626700.0
23.22603791 -76.10157368 -76.77396209 11806500.0
23.84835408 -76.00143062000001 -76.15164591999999 8137000.0
23.65522175 -76.06580901 -76.34477825 6988800.0
23.94849785 -75.87982761 -76.05150215 8460100.0
23.59799785 -75.81545064 -76.40200215 4883300.0
24.12732475 -75.78683834 -75.87267525 6738400.0
25.22889914 -74.6495 -74.77110086 6025600.0
26.85264592 -73.01144421000001 -73.14735408 8540800.0
25.70100215 -73.25465021 -74.29899785 7371000.0
25.60085837 -74.20600858 -74.39914163 8705200.0
28.61230258 -71.10157368 -71.38769742 12472800.0
29.24892632 -70.63662303 -70.75107368 8831700.0
26.51645279 -71.40915665 -73.48354721 10448500.0
25.24320386 -74.20600858 -74.75679614 10616600.0
25.86552217 -73.85550857999999 -74.13447783000001 5647300.0
26.55936981 -73.21173104 -73.44063019000001 6497400.0
26.40200215 -73.49070172 -73.59799785 4422700.0
26.99570815 -72.9256073 -73.00429185 5491000.0
27.718168100000003 -72.2532196 -72.2818319 5024600.0
25.80114378 -73.07582260000001 -74.19885622 9209700.0
26.36623748 -73.18311874 -73.63376252 5333600.0
26.79542132 -72.67525107 -73.20457868 5475200.0
26.85980043 -72.9542196 -73.14019957 3645900.0
27.36051574 -72.41058727000001 -72.63948426 5856600.0
27.59656724 -71.82403362 -72.40343276 11574100.0
26.61659442 -72.41773963 -73.38340558 6292100.0
26.33047282 -73.17596638 -73.66952718 5323400.0
25.60085837 -74.25608083 -74.39914163 5598800.0
25.45064378 -74.16308941 -74.54935621999999 3709300.0
24.03433405 -74.878397 -75.96566595 5950400.0
24.19885622 -75.40772461 -75.80114378 3196200.0
25.15021531 -74.33476466 -74.84978469 4303000.0
25.05007153 -74.50643705 -74.94992847 3942600.0
26.82403362 -73.04005794 -73.17596638 4678600.0
27.05293276 -72.54649571 -72.94706724 4444500.0
26.29470672 -72.40343276 -73.70529328 4885300.0
26.50929828 -72.90414807 -73.49070172 4575200.0
26.45207439 -73.28326252 -73.54792561 3471700.0
26.22317525 -73.53361874000001 -73.77682475 4219000.0
24.620887699999997 -73.96995708 -75.3791123 6042900.0
25.27181617 -74.6208877 -74.72818383 3554400.0
24.12732475 -75.02145923 -75.87267525 5470200.0
23.71244635 -75.39341917 -76.28755365 4265900.0
23.55507868 -76.07296209 -76.44492131999999 4577700.0
23.92703791 -75.83690987 -76.07296209 4477300.0
23.93419099 -75.50786767 -76.06580901 4365600.0
23.76967024 -75.71530687 -76.23032976 4984200.0
24.73533619 -75.121603 -75.26466381 5132800.0
24.57796853 -75.21459227 -75.42203147000001 3751200.0
24.92131617 -74.93562303 -75.07868383 2636400.0
25.29327611 -74.69241702 -74.70672389 1936900.0
25.21459227 -74.5565093 -74.78540773 1954800.0
24.39914163 -74.71387697 -75.60085837 2566500.0
25.07868383 -74.87124464 -74.92131617 2669200.0
24.98569313 -74.59942846999999 -75.01430687 1930900.0
26.09442132 -73.54077325 -73.90557868 4156300.0
25.88698212 -73.99141702 -74.11301788 4651800.0
26.46638126 -73.30472175 -73.53361874000001 6842600.0
26.75250429 -73.13304721 -73.24749571 4711300.0
27.45350429 -72.5178834 -72.54649571 4429500.0
27.96852718 -71.80257439 -72.03147282 4459600.0
27.8397711 -71.88841273 -72.16022889999999 3932500.0
28.26895494 -71.68812589 -71.73104506 3973300.0
27.93991488 -71.95278898000001 -72.06008512 5058300.0
28.60515021 -71.10872675 -71.39484979 5812800.0
29.52074464 -70.43633833999999 -70.47925536 4432700.0
29.93562303 -69.73533619 -70.06437697 4322300.0
29.32761016 -70.0286123 -70.67238984 5461200.0
29.32761016 -70.52217454000001 -70.67238984 4743500.0
30.472103000000004 -69.24892632 -69.527897 7632600.0
31.50929828 -68.37625107 -68.49070172 6512700.0
30.51502217 -67.9184535 -69.48497782999999 8088400.0
30.52932761 -69.27754006 -69.47067239 3394300.0
30.87267525 -69.10586552 -69.12732475 4085900.0
30.379112300000003 -68.85550857999999 -69.6208877 4697900.0
31.60944206 -68.22603791 -68.39055794000001 5801600.0
31.27324678 -68.16881187 -68.72675322 3112700.0
32.38912589 -67.59656509 -67.61087411 4875100.0
31.94563662 -67.86838126 -68.05436338 4172600.0
31.90271745 -67.89699571 -68.09728255 3561200.0
32.16738126 -67.77539413 -67.83261874 3033100.0
32.2532196 -67.56080258 -67.7467804 3132900.0
31.573677399999998 -68.33333405 -68.4263226 3698800.0
31.35908512 -68.02575107 -68.64091488 4791600.0
31.31616595 -68.34763877 -68.68383405 3659400.0
31.21602289 -68.16881187 -68.78397711 3490500.0
31.35193062 -68.56223104 -68.64806938 9901700.0
30.85836981 -68.4263226 -69.14163019 5687300.0
30.47925536 -68.96995708 -69.52074464 3963800.0
30.55793991 -69.03433405 -69.44206009 3457200.0
31.05150215 -68.78397711 -68.94849785 3357000.0
30.77253147 -68.53361874000001 -69.22746853 4104500.0
31.00858298 -68.82689485 -68.99141702 2871300.0
31.20886981 -68.73390558 -68.79113019 2960500.0
31.20171745 -68.31902718 -68.79828255 4183600.0
31.58798212 -68.32617954 -68.41201788000001 3324800.0
31.27324678 -68.24034335 -68.72675322 2975700.0
30.60085908 -68.73390558 -69.39914092000001 4990800.0
30.24320386 -69.57796852999999 -69.75679614 5251500.0
31.08726681 -68.76251788 -68.91273319 4884600.0
31.67382046 -68.08297568 -68.32617954 5349000.0
31.86695279 -67.76108511999999 -68.13304721 4278500.0
31.20171745 -68.05436338 -68.79828255 3690500.0
32.26752504 -67.68955579 -67.73247495999999 3270900.0
32.16738126 -67.64663662000001 -67.83261874 3831400.0
32.80400501 -67.15307582 -67.19599499 2972100.0
32.6323319 -67.09585193000001 -67.3676681 3186600.0
32.44634979 -67.31044349 -67.55365021 3337400.0
32.0672382 -67.70386123 -67.93276180000001 2416700.0
31.98855579 -67.7253226 -68.01144421000001 2198400.0
31.26609442 -68.53361874000001 -68.73390558 4339100.0
31.68812589 -68.31187411 -68.31187411 4710400.0
32.22460587 -67.7253226 -67.77539413 4847000.0
32.66809871 -66.89556508999999 -67.33190128999999 5318100.0
31.89556509 -67.47496423 -68.10443491 4318800.0
31.80257439 -68.14735408 -68.19742561 3199100.0
31.83834049 -67.91130043 -68.16165950999999 3246700.0
32.09585193 -67.73247495999999 -67.90414806999999 3161700.0
32.0672382 -67.70386123 -67.93276180000001 3852700.0
31.28755365 -68.20457868 -68.71244635 3342300.0
32.02431903 -67.82546638 -67.97568097 6933300.0
31.15164592 -68.43347568 -68.84835408000001 5182800.0
30.25751144 -68.71244635 -69.74248856 6056600.0
30.379112300000003 -69.19885622 -69.6208877 3398600.0
31.13733834 -68.75536552 -68.86266166 2185000.0
30.21459227 -69.02002933 -69.78540773 3344100.0
30.03576466 -69.43490772999999 -69.96423534 3447100.0
30.50786767 -69.4134485 -69.49213233 2901100.0
30.27181617 -69.53504936 -69.72818383 2405300.0
29.98569313 -69.53504936 -70.01430687 3800400.0
30.114448499999998 -69.32761016 -69.8855515 2782800.0
29.52074464 -70.38626681 -70.47925536 3058800.0
28.46924249 -71.05150215 -71.53075751 10706400.0
29.45636552 -70.3290422 -70.54363448000001 5110800.0
30.03576466 -69.9070093 -69.96423534 3424100.0
30.4434907 -69.47782545999999 -69.5565093 4121100.0
30.17167454 -69.42775322 -69.82832546 2605700.0
30.73676681 -69.04864092 -69.26323319 3615500.0
30.78683834 -69.17024248999999 -69.21316166 3348000.0
30.19313233 -69.13447783000001 -69.80686767 2398100.0
29.33476466 -69.74964163 -70.66523534 3070200.0
29.22746853 -70.60801144 -70.77253147 3658000.0
28.80543705 -70.87267525 -71.19456295 5999000.0
28.56223104 -71.11587911000001 -71.43776896 6024900.0
28.42632332 -70.74391917 -71.57367668 3291700.0
28.218883399999996 -71.18025751 -71.7811166 5398700.0
27.82546423 -71.78826896 -72.17453577 5526500.0
28.97711016 -70.26466381 -71.02288984 9783000.0
28.44063019 -70.67238984 -71.55936980999999 4976300.0
28.34763877 -70.02145923 -71.65236123 6900200.0
27.70386338 -71.22317525 -72.29613662 7216000.0
28.60515021 -71.30185908 -71.39484979 3890200.0
28.96280472 -70.52932761 -71.03719527999999 6180100.0
29.16309013 -70.65808298 -70.83690987 4817700.0
29.34191702 -70.56509227000001 -70.65808298 3591100.0
29.33476466 -70.34334764 -70.66523534 2633500.0
30.17167454 -69.77825536 -69.82832546 5696500.0
29.57796853 -70.21459227 -70.42203147000001 4297800.0
29.08440629 -70.22889914 -70.91559371 5887200.0
27.33905579 -71.78826896 -72.66094421 7578600.0
27.06723963 -72.3676681 -72.93276037 7212400.0
27.38912804 -72.3962804 -72.61087196 5202500.0
28.44778255 -71.55221745 -71.55221745 5167900.0
28.58369099 -70.98712517999999 -71.41630900999999 6334700.0
28.32617954 -71.49499285 -71.67382046 4244600.0
27.88269027 -71.28040129 -72.11730973 2853000.0
28.23319027 -71.73104506 -71.76680973 2518900.0
27.89699571 -71.50929828 -72.10300429 2873400.0
28.14735408 -71.63090129 -71.85264592 3236200.0
28.61945708 -71.35193062 -71.38054292 4036700.0
28.71959871 -71.25178898 -71.28040129 3669600.0
29.43490773 -70.4434907 -70.56509227000001 4213800.0
29.07010086 -70.3505 -70.92989914 4499600.0
27.982831899999997 -70.61516381 -72.0171681 4337800.0
27.91845494 -71.69527825 -72.08154506 5137600.0
26.93848426 -72.4248927 -73.06151574 4170700.0
27.17453577 -72.63948426 -72.82546423 3521800.0
27.43204506 -72.33190343 -72.56795493999999 2155400.0
26.98140129 -72.7181681 -73.01859870999999 2798000.0
28.06867024 -71.88841273 -71.93132976 3698800.0
27.83261874 -71.66666595 -72.16738126 2429000.0
28.28326252 -71.58082976 -71.71673748 1357000.0
28.16165951 -71.50214592 -71.83834049000001 2244400.0
27.1602289 -72.2246073 -72.83977110000001 4664200.0
26.90987196 -72.6323319 -73.09012804 3173400.0
26.81688126 -72.3962804 -73.18311874 3077800.0
26.60228898 -73.09012804 -73.39771102 2699200.0
26.12303362 -73.59799785 -73.87696638 4050100.0
26.49499356 -73.2188834 -73.50500644 4727400.0
26.34477825 -73.46924177 -73.65522175 2448400.0
26.70958512 -73.24034335 -73.29041488 2887500.0
27.43919957 -72.2532196 -72.56080043 3921200.0
27.5107289 -72.38912804 -72.4892711 2968500.0
26.86695279 -72.66809657 -73.13304721 2571700.0
26.24463448 -73.63376252 -73.75536552 3074200.0
25.472103 -73.76967024 -74.527897 5394100.0
25.85121531 -73.86266166 -74.14878469 2485900.0
26.18741059 -73.17596638 -73.81258941 4271400.0
27.13876896 -72.7181681 -72.86123104 4033700.0
27.31044421 -72.6037196 -72.68955579 4587200.0
27.38912804 -72.31044349 -72.61087196 3054300.0
27.31044421 -72.29613662 -72.68955579 2653900.0
27.00286123 -72.65379113 -72.99713876999999 3109400.0
27.97567954 -71.75965665 -72.02432046 2551200.0
28.06151574 -71.45922675 -71.93848426 2807000.0
28.79113019 -70.97997067 -71.20886981 3077400.0
29.08440629 -70.85836981 -70.91559371 2704500.0
29.18454936 -70.69384764 -70.81545064 3063200.0
28.99141702 -70.99427825000001 -71.00858298 2739500.0
28.88412089 -70.88698212 -71.11587911000001 2601300.0
28.96280472 -70.70815451 -71.03719527999999 2788100.0
28.95565021 -70.77968598 -71.04434979 3967900.0
26.573677399999998 -72.69670887 -73.4263226 17888900.0
26.62374893 -73.32617954 -73.37625107 7518000.0
26.23748212 -73.40486338 -73.76251788 5554200.0
26.55936981 -73.38340558 -73.44063019000001 7515500.0
26.79542132 -73.1902711 -73.20457868 6128200.0
26.80257439 -73.13304721 -73.19742561 6280000.0
27.074392699999997 -72.8111588 -72.9256073 4022400.0
26.781116600000004 -72.94706724 -73.2188834 4275200.0
26.43061445 -73.20457868 -73.56938554999999 6934900.0
26.58082976 -73.31187411 -73.41917024 7025500.0
26.49499356 -73.36909871 -73.50500644 3380200.0
26.58082976 -73.17596638 -73.41917024 3210300.0
26.50214592 -73.19742561 -73.49785408 5382300.0
26.28040129 -73.39055794000001 -73.71959871 5695000.0
26.8097289 -73.14735408 -73.1902711 6688500.0
27.4821166 -72.40343276 -72.5178834 5579800.0
27.367668100000003 -72.29613662 -72.6323319 4021600.0
27.06008512 -72.61802503999999 -72.93991488 4093900.0
26.81688126 -72.66094421 -73.18311874 6568900.0
27.45350429 -72.47496423 -72.54649571 7529900.0
28.41917024 -71.28755365 -71.58082976 9415600.0
28.34763877 -71.51645279 -71.65236123 5097800.0
28.29041488 -71.48784049 -71.70958512 5024200.0
28.52646638 -71.38054292 -71.47353362 4122400.0
28.06151574 -71.56652432 -71.93848426 6211700.0
27.89699571 -71.51645279 -72.10300429 4927900.0
27.67525107 -72.10300429 -72.32474893 2860100.0
27.41058727 -72.15307582 -72.58941272999999 4954000.0
27.37482046 -72.47496423 -72.62517954 5228500.0
27.59656724 -72.2246073 -72.40343276 4773700.0
27.50357654 -72.37482046 -72.49642346 6803300.0
27.79685193 -71.73104506 -72.20314807 5903600.0
27.80400644 -71.82403362 -72.19599356 4474000.0
27.88269027 -71.88841273 -72.11730973 3500100.0
28.04005794 -71.64520815 -71.95994206 7781900.0
27.79685193 -71.68812589 -72.20314807 3912100.0
27.65379113 -72.16738126 -72.34620887 3770400.0
27.28898426 -72.0171681 -72.71101574 4252000.0
26.75965665 -72.64663877 -73.24034335 4210300.0
26.91702432 -72.68955579 -73.08297568 4202500.0
26.62374893 -72.97567954 -73.37625107 3731600.0
26.59513662 -73.06867024 -73.40486338 3697700.0
27.11730973 -72.83261874 -72.88269027 3280400.0
27.224607300000002 -72.63948426 -72.7753927 5400300.0
26.20886981 -73.10443491 -73.79113019 9045300.0
25.57224678 -73.90557868 -74.42775322 5577000.0
25.75107368 -74.177397 -74.24892632 3406700.0
25.40057153 -74.44206009 -74.59942846999999 4611300.0
25.64377611 -74.27038555 -74.35622389 5719400.0
25.82975751 -74.09155866 -74.17024248999999 4598000.0
25.70815451 -74.03433405 -74.29184549 5215200.0
25.74391917 -73.99856937999999 -74.25608083 4775900.0
26.53791059 -73.4263226 -73.46208941 4462900.0
26.46638126 -73.26895494 -73.53361874000001 4685500.0
26.90271745 -73.02575107 -73.09728255 3789400.0
27.38197496 -72.47496423 -72.61802503999999 5208300.0
26.88125823 -72.87553577 -73.11874177 4515200.0
26.38054292 -73.06867024 -73.61945708 4281600.0
26.40200215 -73.4263226 -73.59799785 5475100.0
26.33762589 -73.4263226 -73.66237411 2898600.0
25.98712518 -73.64091488 -74.01287482000001 4949700.0
25.85121531 -73.71244635 -74.14878469 4431100.0
25.57224678 -73.79113019 -74.42775322 7306000.0
25.61516381 -74.35622389 -74.38483619 9231100.0
26.83118813 -72.83261874 -73.16881187 7159400.0
25.95135908 -73.59084335 -74.04864092 14707900.0
25.63662375 -73.91273319 -74.36337625 5597400.0
26.38054292 -73.59799785 -73.61945708 3140300.0
26.80257439 -73.19742561 -73.19742561 4589600.0
26.70958512 -73.06867024 -73.29041488 4802600.0
27.1602289 -72.80400644 -72.83977110000001 4828600.0
27.424892699999997 -72.40343276 -72.5751073 5551100.0
27.38912804 -72.47496423 -72.61087196 3363800.0
27.12446423 -72.17453577 -72.87553577 3794800.0
27.274677399999998 -72.66094421 -72.7253226 3059300.0
27.65379113 -72.13876896 -72.34620887 5490600.0
27.41058727 -72.2818319 -72.58941272999999 4989000.0
27.0457804 -72.45350429 -72.9542196 4650300.0
27.58226037 -72.35336123 -72.41773963 4262200.0
28.39771102 -71.43061445000001 -71.60228898 6233800.0
28.97711016 -70.78683834 -71.02288984 8645900.0
28.46924249 -71.08726681 -71.53075751 4854800.0
28.50500715 -71.19456295 -71.49499285 3679300.0
29.14163019 -70.822603 -70.85836981 4829500.0
29.60658083 -70.1430608 -70.39341917 6499000.0
29.03433405 -70.31473534 -70.96566595 6632500.0
29.58512089 -70.39341917 -70.41487911 5324500.0
29.36337697 -70.63662303 -70.63662303 6592600.0
29.37768169 -70.55078684 -70.62231831 1560000.0
29.24892632 -70.50786767 -70.75107368 3578300.0
29.07010086 -70.75107368 -70.92989914 2823600.0
28.49070172 -71.10872675 -71.50929828 3250400.0
29.28469313 -70.69384764 -70.71530687 4707900.0
29.95708083 -69.83547997 -70.04291917 8790200.0
30.06437697 -69.8569392 -69.93562303 5751700.0
30.65808298 -69.27754006 -69.34191702 6432800.0
30.43633834 -69.38483619 -69.56366166000001 3589500.0
30.19313233 -69.39914092000001 -69.80686767 3896900.0
31.00858298 -68.91988555 -68.99141702 5737900.0
31.23748212 -68.44063019000001 -68.76251788 5520800.0
31.06580901 -68.53361874000001 -68.93419099 3244700.0
31.14449142 -68.85550857999999 -68.85550857999999 3229100.0
30.92989914 -68.96995708 -69.07010086 4768800.0
30.79399142 -69.07010086 -69.20600858 3019500.0
31.38054292 -68.2188834 -68.61945708 6639300.0
31.58082976 -68.41201788000001 -68.41917024 3335000.0
31.93132976 -68.06151574 -68.06867024 3164200.0
31.68812589 -68.08297568 -68.31187411 3741000.0
31.94563662 -67.66809871000001 -68.05436338 4350500.0
32.39628255 -67.41773963 -67.60371745 4427800.0
32.31759657 -67.50357797000001 -67.68240343 3315000.0
31.93132976 -67.82546638 -68.06867024 4125900.0
31.75965665 -67.88984263 -68.24034335 4113800.0
32.03147496 -67.90414806999999 -67.96852504 4729800.0
32.39628255 -67.33905436 -67.60371745 3953200.0
31.65951359 -67.83261874 -68.34048641 4852400.0
32.18884263 -67.76824177 -67.81115736999999 3020300.0
32.2532196 -67.71817024 -67.7467804 3853400.0
32.19599571 -67.76824177 -67.80400429 4393000.0
32.24606724 -67.56080258 -67.75393276 2551000.0
31.90271745 -67.68240343 -68.09728255 4075800.0
31.91702432 -67.84692346 -68.08297568 3318500.0
32.01001359 -67.63948426 -67.98998641 2869200.0
31.88841273 -67.96852504 -68.11158727 5376200.0
30.22174464 -68.35479185 -69.77825536 20489900.0
30.76537911 -69.15593705 -69.23462089 5754400.0
30.21459227 -69.34906938 -69.78540773 5410200.0
29.77825536 -69.8569392 -70.22174464 4774400.0
29.89985694 -69.9070093 -70.10014306 4690100.0
29.53504936 -69.79971316 -70.46495064 5064200.0
29.30615236 -70.46495064 -70.69384764 8647800.0
29.84978469 -70.0286123 -70.15021531 4982700.0
29.670957799999996 -69.91416381 -70.3290422 4835900.0
29.99284764 -69.9713877 -70.00715235999999 4318900.0
30.06437697 -69.82832546 -69.93562303 3404200.0
30.51502217 -69.10586552 -69.48497782999999 4598000.0
30.92989914 -68.86981402 -69.07010086 4189800.0
30.93705365 -68.89842632 -69.06294635 3375000.0
30.77968598 -68.86981402 -69.22031402 4552300.0
30.62231831 -69.23462089 -69.37768169 7650800.0
30.48640844 -69.24177325 -69.51359156 5267200.0
30.75822675 -69.20600858 -69.24177325 3133000.0
30.98712518 -68.96995708 -69.01287482000001 3970100.0
30.76537911 -69.08440558 -69.23462089 3606200.0
30.43633834 -69.45636551999999 -69.56366166000001 2582900.0
30.04291917 -69.37052933 -69.95708083 8732600.0
30.54363448 -69.39198856 -69.45636551999999 4530000.0
29.7925608 -69.4134485 -70.2074392 6163900.0
29.50643705 -70.10729614 -70.49356295 7615400.0
29.42060086 -70.2074392 -70.57939913999999 3911000.0
29.91416381 -70.08583619 -70.08583619 3511400.0
30.10729614 -69.82117239 -69.89270386 4711100.0
30.02145994 -69.89985622 -69.97854006 3002900.0
29.27754006 -69.9713877 -70.72245994 3552100.0
29.08440629 -70.41487911 -70.91559371 3291400.0
28.98426252 -70.6795422 -71.01573748 7380000.0
29.620887699999997 -70.33619528 -70.3791123 5478300.0
29.71387697 -70.06437697 -70.28612303 6932500.0
29.79971316 -70.1430608 -70.20028684 3348600.0
29.7925608 -69.86409155999999 -70.2074392 2319900.0
30.22889914 -69.69241702 -69.77110086 3032600.0
31.37339056 -68.57653791 -68.62660944 7865700.0
32.01001359 -67.96137268 -67.98998641 8504000.0
30.78683834 -68.14019957 -69.21316166 10833900.0
31.03719528 -68.70529328 -68.96280472000001 6298200.0
30.17882761 -69.16308941 -69.82117239 6281200.0
29.92131617 -69.77825536 -70.07868383 5559700.0
30.04291917 -69.79971316 -69.95708083 4297500.0
29.93562303 -69.77825536 -70.06437697 3272000.0
30.47925536 -69.35622389 -69.52074464 4924400.0
30.65093062 -69.21316166 -69.34906938 4222700.0
30.56509227 -69.06294635 -69.43490772999999 2963600.0
29.54220386 -69.54935621999999 -70.45779614 7383300.0
29.65665236 -70.18597997 -70.34334764 3552100.0
29.64234549 -70.20028684 -70.35765451 4825000.0
29.54935622 -70.1430608 -70.45064378000001 3811300.0
29.670957799999996 -70.15736767 -70.3290422 4805900.0
29.72102933 -69.56366166000001 -70.27897067 6626600.0
30.04291917 -69.87124464 -69.95708083 3941500.0
30.329042200000004 -69.66380472 -69.6709578 4926600.0
30.71530758 -69.27754006 -69.28469242 2963400.0
30.87267525 -69.09871316 -69.12732475 4415800.0
31.20886981 -68.63376252 -68.79113019 6517600.0
30.78683834 -68.84120172 -69.21316166 5951800.0
31.45207439 -68.48354721 -68.54792561 8503600.0
32.67525107 -66.74534979 -67.32474893 14384000.0
32.1816867 -67.21030042999999 -67.8183133 6837600.0
32.58941273 -67.21745279000001 -67.41058727000001 4540500.0
33.14735408 -66.05865451 -66.85264592 7966300.0
33.44062804 -66.40915665 -66.55937196 5620900.0
33.07582117 -66.04434979 -66.92417883 7579100.0
32.71817024 -67.14592346 -67.28182976 5280900.0
32.61087411 -67.31759657 -67.38912589 3111100.0
33.21173104 -66.42346209 -66.78826896000001 6701800.0
32.93991488 -66.84549356 -67.06008512 5062400.0
32.93991488 -66.34477969 -67.06008512 4321000.0
32.51073104 -66.75965522 -67.48926896 6442500.0
32.55365021 -67.21030042999999 -67.44634979 5158200.0
32.48926896 -66.77396422999999 -67.51073104 4703100.0
31.85264592 -67.5393412 -68.14735408 3488100.0
32.19599571 -67.80400429 -67.80400429 5284500.0
32.29613877 -67.15307582 -67.70386123 3888500.0
31.99570815 -67.56080258 -68.00429185 3817600.0
31.75965665 -68.07582260000001 -68.24034335 5472300.0
31.41630973 -67.93276180000001 -68.58369027 3817500.0
31.82403362 -68.12589485000001 -68.17596638 3627300.0
31.47353362 -68.11874177 -68.52646638 2345400.0
31.74534979 -67.90414806999999 -68.25465021 2796200.0
32.0457804 -67.94706724 -67.9542196 3524600.0
31.13018598 -67.89699571 -68.86981402 8116600.0
30.27181617 -69.16308941 -69.72818383 8818400.0
30.74391917 -69.07725322 -69.25608083 5107700.0
30.26466381 -69.42060086000001 -69.73533619 4013900.0
30.38626681 -69.37052933 -69.61373319 4104100.0
30.28612303 -69.03433405 -69.71387697 5163900.0
30.81545064 -69.03433405 -69.18454936 4816200.0
30.586551500000002 -69.02002933 -69.4134485 7767700.0
31.18025751 -68.69098641 -68.81974249 5988400.0
30.822603000000004 -68.60515021 -69.177397 4175100.0
30.87982761 -68.91273319 -69.12017239 2712900.0
31.63805365 -68.31902718 -68.36194635 2932700.0
31.73104506 -68.0472103 -68.26895494 3592900.0
31.90271745 -67.83977110000001 -68.09728255 4859700.0
32.41058727 -67.3462103 -67.58941272999999 4582000.0
32.70386123 -67.11015665 -67.29613877 2979800.0
32.725322600000005 -67.13161874 -67.2746774 2766200.0
32.98283405 -66.89556508999999 -67.01716594999999 3401000.0
32.8397711 -66.75965522 -67.16022889999999 2833400.0
32.62517954 -67.02431831 -67.37482046 1671300.0
32.83261874 -67.06008512 -67.16738126 2793400.0
33.04721102 -66.89556508999999 -66.95278898000001 1648800.0
33.47639485 -66.48783906 -66.52360515000001 2565000.0
33.24034478 -66.49499141999999 -66.75965522 4099200.0
33.44778469 -66.51645279 -66.55221531000001 2560400.0
33.37625107 -66.45207582 -66.62374893 1985500.0
32.61802647 -66.69527825 -67.38197353000001 5161800.0
32.43204506 -67.31044349 -67.56795493999999 2743000.0
32.0815465 -67.38197353000001 -67.9184535 3903000.0
31.99570815 -67.59656509 -68.00429185 3924700.0
32.93276252 -66.95278898000001 -67.06723748 3827000.0
33.17596423 -66.73104506 -66.82403577 3354000.0
32.8612289 -66.80972675000001 -67.1387711 2621800.0
32.96137268 -66.93848426 -67.03862732 3188600.0
33.10443491 -66.76681116 -66.89556508999999 2379500.0
32.79685193 -66.70243062 -67.20314807 2379900.0
33.06151574 -66.76681116 -66.93848426 2737800.0
33.22603577 -66.73104506 -66.77396422999999 1743500.0
33.56223319 -66.39485193 -66.43776681 2905300.0
33.26895494 -66.38054292000001 -66.73104506 2778500.0
33.59084335 -65.54363233000001 -66.40915665 9378200.0
33.46924249 -66.22317525 -66.53075751 5067300.0
33.218883399999996 -66.42346209 -66.7811166 2415100.0
33.64091488 -66.18741202 -66.35908512 3207400.0
33.54077182 -66.20886981000001 -66.45922818 2724800.0
34.31330472 -65.42918383 -65.68669528000001 4400900.0
34.10586552 -65.66523748 -65.89413447999999 2377900.0
34.04864092 -65.52217454000001 -65.95135908 2813000.0
33.59799571 -66.10157368 -66.40200429000001 2982200.0
33.43347568 -66.40200429000001 -66.56652432 2223300.0
33.47639485 -66.35908512 -66.52360515000001 2657100.0
33.36194635 -66.39485193 -66.63805365 1899300.0
33.56938555 -66.01573533999999 -66.43061445000001 2188700.0
34.24177539 -65.69384764 -65.75822461 3525700.0
34.10586552 -65.60085694 -65.89413447999999 1835800.0
33.92704006 -65.8154485 -66.07295994 1863300.0
34.299 -65.62947067 -65.701 2333100.0
34.72818383 -65.1859814 -65.27181617 2546100.0
35.0214578 -64.93562303 -64.97854219999999 2493100.0
34.77825536 -64.99284764000001 -65.22174464 2052900.0
34.66380687 -65.22174464 -65.33619313 2993200.0
34.86409013 -64.82117454 -65.13590987 2600100.0
34.95708083 -64.72103147 -65.04291917 2206600.0
35.27896853 -64.69956938 -64.72103147 2857700.0
36.46638126 -61.75250215 -63.53361874 25368600.0
37.30329113 -62.52503577 -62.69670887 14947200.0
36.95994206 -62.6323319 -63.04005794 3798200.0
36.90987053 -62.8612289 -63.09012947 3080900.0
37.07439056 -62.71101788 -62.92560944 4005400.0
37.26037196 -62.71817024 -62.73962804 3747000.0
36.931331899999996 -62.73247496 -63.068668100000004 2949900.0
36.65951574 -63.07582117 -63.34048426 3704700.0
37.12446209 -62.7467804 -62.87553791 4189800.0
36.88841273 -63.01144421 -63.11158727 2825000.0
36.52360515 -63.11158727 -63.47639485 2626100.0
37.03862732 -62.90414807 -62.96137268 2611300.0
36.5736774 -63.09728255 -63.4263226 1932100.0
35.85836767 -63.28326037 -64.14163233 3367200.0
35.72961445 -63.96280258 -64.27038555 3397900.0
36.47353362 -63.37625107 -63.52646638 3391900.0
36.80972675 -63.04005794 -63.19027325 2098200.0
36.73819742 -63.21173104 -63.26180258 2950400.0
36.39485193 -63.38340343 -63.60514807 2742700.0
36.88125966 -62.81115737 -63.11874034 3478200.0
37.66094564 -62.30329113 -62.33905436 4960600.0
37.90414807 -61.91702289 -62.09585193 4027400.0
37.18884263 -61.98855579 -62.81115737 3573800.0
36.49499142 -62.66094564 -63.50500858 5984100.0
36.23032761 -63.60514807 -63.76967239 3283300.0
36.56652432 -63.36194635 -63.43347568 2496600.0
37.10300429 -62.86838126 -62.89699571 3352800.0
36.83118813 -62.8183133 -63.16881187 2486600.0
36.98140343 -62.87553791 -63.01859657 1669200.0
36.58798212 -62.932761799999994 -63.41201788 1901200.0
36.30901359 -63.28326037 -63.69098641 2649900.0
36.55221531 -63.10443491 -63.44778469 2699500.0
36.63090129 -63.19027325 -63.36909871 1971000.0
36.63090129 -63.26180258 -63.36909871 2206100.0
36.50930043 -63.29041702 -63.49069957 1997300.0
35.80114378 -63.37625107 -64.19885622000001 4961200.0
36.32331831 -63.56223319 -63.67668169 2601100.0
36.69527825 -63.22603577 -63.30472175 2774300.0
36.62374893 -63.23318884 -63.37625107 3295300.0
36.62374893 -63.30472175 -63.37625107 2949900.0
36.15164592 -63.37625107 -63.84835408 3963100.0
39.29184764 -60.12875393 -60.70815236 15397900.0
38.66237625 -60.67238984 -61.33762375 5775800.0
38.49785265 -61.23748426 -61.50214735 3457200.0
38.29041702 -61.18741202 -61.70958298 3245400.0
38.69813949 -60.97997282 -61.30186051 3379800.0
38.51931402 -61.13018383 -61.48068598 2671200.0
37.98998641 -61.28039914 -62.01001359 2446700.0
38.37625107 -61.42346209 -61.62374893 4468400.0
38.49069957 -61.37338984 -61.50930043 1663300.0
38.31902718 -61.39485193 -61.68097282 1216800.0
38.06151574 -61.60944349 -61.93848426 2039900.0
37.8612289 -61.96709442 -62.1387711 3462700.0
38.32617954 -61.49499142 -61.67382046 3377200.0
38.26895494 -61.51645279 -61.73104506 2530900.0
39.22031402 -60.70815236 -60.77968598 4268500.0
39.38483405 -60.35050215 -60.61516595 2961600.0
39.58512089 -60.32904077 -60.41487911 3253000.0
39.22746638 -60.16452003 -60.77253362 3277700.0
39.527896999999996 -60.2861216 -60.472103000000004 3794500.0
39.45636767 -60.01430472 -60.54363233 2827500.0
39.51359156 -60.0929907 -60.48640844 2356300.0
40.321887700000005 -59.02002718 -59.678112299999995 4484700.0
41.40915665 -58.55508011 -58.59084335 5782500.0
41.04434979 -58.63376252 -58.95565021 2646600.0
40.74391917 -58.74821102 -59.25608083 4129600.0
41.15879828 -58.75536338 -58.84120172 2206700.0
40.93705365 -58.79113019 -59.06294635 1090000.0
41.10157368 -58.71960086 -58.89842632 998700.0
40.89413448 -58.92704006 -59.10586552 913000.0
41.00143062 -58.89842632 -58.99856938 1576900.0
40.90843991 -58.83404936 -59.09156009 1316000.0
40.2074392 -59.15593705 -59.7925608 2678800.0
40.71530901 -58.97711159 -59.28469099 2609600.0
40.51502217 -58.72675322 -59.48497783 2484600.0
41.09442132 -58.77682475 -58.90557868 2045500.0
41.76681116 -58.1258927 -58.23318884 3717900.0
41.781116600000004 -58.02574893 -58.218883399999996 2457100.0
42.15307654 -57.78969957 -57.84692346 2269200.0
42.15307654 -57.725322600000005 -57.84692346 4119400.0
42.83261874 -57.11730973 -57.16738126 3581900.0
43.16165951 -56.81688269 -56.83834049 3264600.0
43.27610801 -56.72389199 -56.72389199 2566700.0
43.42632332 -56.48783834 -56.57367668 2375900.0
43.52646638 -56.45207582 -56.47353362 4205800.0
43.58369099 -56.20886981 -56.41630901 3871600.0
42.5393412 -56.71673963 -57.4606588 4282700.0
41.39485193 -57.46781187 -58.60514807 3713500.0
41.70243062 -58.24749785 -58.29756938 6527200.0
41.55937196 -57.88269027 -58.44062804 3545300.0
41.23748426 -58.35479328 -58.76251574 3023800.0
42.56795494 -57.00286123 -57.43204506 5232900.0
41.59513448 -57.68955579 -58.40486552 4804200.0
40.16452003 -58.16881187 -59.83547997 4095100.0
41.35193276 -58.59799571 -58.64806724 4070800.0
41.080116600000004 -58.72675322 -58.919883399999996 3192800.0
41.69527825 -58.26180258 -58.30472175 2250000.0
42.50357797 -57.4606588 -57.49642203 2749500.0
42.21030043 -57.482116600000005 -57.78969957 2461100.0
42.725322600000005 -57.08154649 -57.274677399999995 2985800.0
42.8397711 -56.75250215 -57.1602289 3280800.0
42.97568169 -56.80972675 -57.02431831 4323500.0
39.52074464 -58.67668169 -60.47925536 24946800.0
39.44921531 -59.91416166 -60.55078469 9161500.0
40.01430544 -59.47782546 -59.98569456 6764600.0
40.97997282 -58.84120172 -59.02002718 6471400.0
40.30043062 -58.94134549 -59.69956938 3365200.0
40.59370458 -59.24177539 -59.40629542 3345100.0
40.69384764 -58.81974392 -59.30615236 4718300.0
40.84406295 -58.78397711 -59.15593705 3356400.0
40.31473534 -59.02718383 -59.68526466 4367000.0
40.72246209 -59.14878469 -59.27753791 3998000.0
40.56509371 -59.14163233 -59.43490629 3478700.0
41.33047139 -58.51216094 -58.66952861 3972900.0
41.34477969 -58.51216094 -58.65522031 4352600.0
42.03862732 -57.56795494 -57.96137268 7239900.0
41.78826896 -57.653789700000004 -58.21173104 4539500.0
41.59513448 -58.26895494 -58.40486552 3583600.0
40.67238984 -58.29756938 -59.32761016 4783500.0
40.815448499999995 -59.17024249 -59.184551500000005 2309900.0
39.94992847 -58.94134549 -60.05007153 3241600.0
39.65665093 -59.95708083 -60.34334907 2439700.0
39.91416166 -59.64949785 -60.08583834 2009600.0
40.62231831 -59.36337625 -59.37768169 1809900.0
40.50786981 -59.12017024 -59.49213019 2522500.0
40.55794134 -59.27753791 -59.44205866 2528100.0
40.12160086 -58.66952861 -59.87839914 3862500.0
39.527896999999996 -59.77825536 -60.472103000000004 2776000.0
39.45636767 -59.7925608 -60.54363233 2414700.0
39.46352003 -59.94992847 -60.53647997 3579800.0
39.12017096 -60.228896999999996 -60.87982904 4151700.0
39.12017096 -60.47925536 -60.87982904 2805600.0
40.0 -59.9070093 -60.0 3062700.0
40.31473534 -59.49928255 -59.68526466 2922700.0
40.53647997 -59.44205866 -59.46352003 2683400.0
40.48640844 -59.12732332 -59.51359156 2240900.0
39.74964163 -59.05579399 -60.25035837 3226100.0
38.87696853 -60.1859814 -61.12303147 3613100.0
39.09871316 -60.65808512 -60.90128684 2575800.0
39.74964163 -60.22174464 -60.25035837 2820400.0
38.66237625 -60.20028684 -61.33762375 2749000.0
37.7467804 -61.33762375 -62.2532196 3623600.0
37.66094564 -61.90986981 -62.33905436 3971100.0
37.98998641 -61.83118813 -62.01001359 3037100.0
38.39771245 -61.53791059 -61.60228755 1738400.0
39.09156009 -60.73676681 -60.90843991 2882600.0
39.12017096 -60.80114378 -60.87982904 1657800.0
39.3204578 -60.228896999999996 -60.6795422 2062700.0
39.34907153 -60.51502217 -60.65092847 1250000.0
39.54220172 -60.2861216 -60.45779828 2525300.0
38.90557868 -60.47925536 -61.09442132 2209500.0
38.43347568 -60.70815236 -61.56652432 4206500.0
38.1258927 -61.69527825 -61.8741073 4688600.0
38.65522031 -61.32331831 -61.34477969 2346600.0
38.96280329 -60.75107153 -61.03719671 2058400.0
39.01287482 -60.66523748 -60.98712518 2909000.0
39.57796853 -60.40772604 -60.42203147 2918000.0
39.34907153 -60.33619313 -60.65092847 3109400.0
39.36337697 -60.56509371 -60.63662303 3102400.0
39.55651073 -59.84263233 -60.44348927 3088300.0
39.620887700000004 -60.2074392 -60.379112299999996 1800400.0
40.35050215 -59.49928255 -59.64949785 2854800.0
40.65092847 -59.24177539 -59.34907153 2048700.0
39.94992847 -59.37768169 -60.05007153 3622000.0
38.97711159 -59.83547997 -61.02288841 8024700.0
39.36337697 -60.56509371 -60.63662303 3363300.0
39.3204578 -60.4935608 -60.6795422 3833400.0
38.84835408 -60.68669528 -61.15164592 2572400.0
39.33476252 -60.55794134 -60.66523748 1541000.0
39.72818383 -60.15021531 -60.27181617 2357100.0
40.18598212 -59.78540773 -59.81401788 4907800.0
40.25751144 -59.58512089 -59.74248856 1664400.0
40.85121531 -59.06294635 -59.14878469 2518700.0
40.74391917 -58.95565021 -59.25608083 2179000.0
40.72961445 -59.14878469 -59.27038555 3560900.0
40.69384764 -59.23461874 -59.30615236 1782100.0
40.92990129 -58.87696853 -59.07009871 2575500.0
41.09442132 -58.88412089 -58.90557868 1597700.0
41.91702289 -57.97568097 -58.08297711 2562600.0
42.21030043 -57.59656509 -57.78969957 1797500.0
42.40343491 -57.38197353 -57.59656509 1661900.0
42.12446209 -57.61802647 -57.87553791 1772300.0
42.1387711 -57.70386123 -57.8612289 1972000.0
41.77396423 -57.79685193 -58.22603577 2345800.0
41.84549356 -57.88984263 -58.15450644 1474700.0
41.71673963 -57.89699571 -58.28326037 1641800.0
42.11015737 -57.653789700000004 -57.88984263 1857200.0
42.39628255 -57.56795494 -57.60371745 1558300.0
41.931331899999996 -57.41058727 -58.068668100000004 4403000.0
42.03862732 -57.75393276 -57.96137268 2837100.0
41.56652432 -57.89699571 -58.43347568 2006900.0
41.23748426 -58.16165951 -58.76251574 1573800.0
41.46638126 -58.44062804 -58.53361874 1482500.0
41.35908512 -58.46924177 -58.64091488 1541100.0
41.13018455 -58.41201788 -58.86981545 2123500.0
41.08726896 -58.68383405 -58.91273104 1837500.0
41.6666681 -58.19742561 -58.3333319 2811000.0
41.52360515 -58.09012947 -58.47639485 1978100.0
41.816883399999995 -58.1258927 -58.183116600000005 839700.0
41.5736774 -58.3333319 -58.4263226 1326900.0
40.87982976 -58.56223319 -59.12017024 2259000.0
40.701 -59.17024249 -59.299 1787300.0
40.40772604 -59.49213019 -59.59227396 1662600.0
40.48640844 -59.4134485 -59.51359156 1654200.0
40.64377611 -59.17739485 -59.35622389 2079900.0
40.52932761 -59.31330472 -59.47067239 2928100.0
40.74391917 -59.15593705 -59.25608083 2612100.0
39.44921531 -59.58512089 -60.55078469 6156900.0
40.16452003 -59.76395064 -59.83547997 2385200.0
40.56509371 -59.26323319 -59.43490629 2773400.0
41.28755222 -58.39055651 -58.71244778 3371500.0
41.10872675 -58.29041631 -58.89127325 2032100.0
40.65808512 -58.69813948 -59.34191488 3543000.0
40.43633691 -59.4134485 -59.56366309 2404000.0
40.26466381 -59.56366309 -59.73533619 2111200.0
40.07868169 -59.68526466 -59.92131831 2800300.0
40.61516595 -59.36337625 -59.38483405 1917000.0
40.12160086 -59.527896999999996 -59.87839914 3785900.0
40.10729614 -59.65665021 -59.89270386 2238700.0
40.24320601 -59.65665021 -59.75679399 1338700.0
39.51359156 -59.86409013 -60.48640844 2422500.0
39.76395064 -60.14306223 -60.23604936 2193100.0
39.37768169 -59.94277539 -60.62231831 2276600.0
39.51359156 -60.42918383 -60.48640844 2468800.0
39.48497783 -60.19313448 -60.51502217 1751200.0
38.86981617 -60.60801288 -61.13018383 3693600.0
39.184551500000005 -60.6795422 -60.815448499999995 2406300.0
39.78540773 -60.2074392 -60.21459227 4862900.0
41.18741202 -57.75393276 -58.81258798 7799100.0
41.85979828 -58.068668100000004 -58.14020172 3860700.0
41.88841273 -57.97568097 -58.11158727 1667800.0
41.72389199 -58.218883399999996 -58.27610801 2581500.0
41.48068598 -58.16881187 -58.51931402 1717300.0
41.23032761 -58.48354721 -58.76967239 2012500.0
41.30186052 -58.40486552 -58.69813948 1352000.0
41.38054292 -58.58369027 -58.61945708 1237600.0
41.04434979 -58.51216094 -58.95565021 1667800.0
40.87982976 -58.84835408 -59.12017024 1950700.0
40.88698212 -58.86981545 -59.11301788 2767900.0
41.53791059 -58.44062804 -58.46208941 2817800.0
41.53075823 -58.183116600000005 -58.46924177 2066200.0
41.26609442 -58.16165951 -58.73390558 1105200.0
41.43061445 -58.47639485 -58.56938555 1268400.0
41.23748426 -58.5407711 -58.76251574 1881400.0
41.09442132 -58.65522031 -58.90557868 1797900.0
41.26609442 -58.63376252 -58.73390558 2066100.0
41.19456509 -58.71244778 -58.80543491 1392200.0
41.91702289 -58.06151574 -58.08297711 3621300.0
41.43061445 -58.15450644 -58.56938555 2266200.0
41.42346209 -58.43347568 -58.57653791 1928900.0
42.12446209 -57.80400429 -57.87553791 3788400.0
41.77396423 -57.51073033 -58.22603577 4008000.0
41.6666681 -57.81115737 -58.3333319 3039200.0
41.16595064 -58.37625107 -58.83404936 2357800.0
40.75822461 -58.88412089 -59.24177539 2281900.0
41.4592289 -58.48354721 -58.5407711 2307300.0
40.69384764 -58.51931402 -59.30615236 2278100.0
40.41487911 -59.27038555 -59.58512089 3101300.0
40.87982976 -59.09871316 -59.12017024 2273900.0
40.75822461 -58.94134549 -59.24177539 2964500.0
40.20028684 -59.27753791 -59.79971316 3468800.0
39.93562303 -59.771103000000004 -60.06437697 2387900.0
40.70815308 -59.22031402 -59.29184692 2205000.0
40.46495064 -59.11301788 -59.53504936 1618000.0
39.34191488 -59.70672246 -60.65808512 2117200.0
40.38626466 -59.57081617 -59.61373534 2970300.0
39.36337697 -59.74248856 -60.63662303 3531700.0
38.36909871 -60.64377611 -61.63090129 7176700.0
37.76108584 -61.20886981 -62.23891416 3533100.0
37.0457804 -61.80972675 -62.9542196 5554100.0
37.0457804 -62.88984263 -62.9542196 6604000.0
36.98855579 -62.71817024 -63.01144421 7496200.0
37.38912589 -61.79542132 -62.61087411 5327400.0
37.4463505 -62.53218813 -62.5536495 6909100.0
38.62661016 -61.35193276 -61.37338984 3120100.0
37.94706724 -61.47353362 -62.05293276 3021200.0
38.41917024 -61.22317525 -61.58082976 2453000.0
38.66237625 -61.29470815 -61.33762375 2108400.0
38.61945708 -61.29470815 -61.38054292 1545200.0
39.09871316 -60.89413448 -60.90128684 2394700.0
38.98426466 -60.88698212 -61.01573534 2074200.0
38.85550715 -61.10157368 -61.14449285 2883700.0
39.54220172 -60.36480687 -60.45779828 2918700.0
40.84 -58.759997999999996 -59.16 4559800.0
40.18 -59.169998 -59.82 5765200.0
40.130001 -59.330002 -59.869999 2341400.0
41.369999 -58.59 -58.630001 2968300.0
40.93 -58.52 -59.07 2458700.0
41.529999 -58.450001 -58.470001 2583900.0
41.66 -57.889998999999996 -58.34 2163800.0
41.450001 -58.459998999999996 -58.549999 2504300.0
41.450001 -58.259997999999996 -58.549999 1805500.0
41.57 -58.349998 -58.43 1331300.0
41.240002000000004 -58.299999 -58.759997999999996 2697200.0
40.799999 -58.84 -59.200001 5891400.0
40.799999 -58.669998 -59.200001 4012100.0
41.259997999999996 -58.57 -58.740002000000004 2303800.0
42.25 -57.619999 -57.75 5306200.0
42.25 -57.5 -57.75 2122400.0
42.709998999999996 -57.130001 -57.290001000000004 2713900.0
42.740002000000004 -57.130001 -57.259997999999996 1752700.0
42.740002000000004 -57.009997999999996 -57.259997999999996 1091800.0
41.59 -57.27 -58.41 4411200.0
41.98 -57.900002 -58.02 2014400.0
42.23 -57.630001 -57.77 2250300.0
42.27 -57.32 -57.73 1345000.0
42.299999 -57.509997999999996 -57.700001 1019500.0
41.509997999999996 -57.490002000000004 -58.490002000000004 1425800.0
41.400002 -58.57 -58.599998 1798100.0
40.34 -58.639998999999996 -59.66 2650000.0
40.619999 -58.82 -59.380001 1640900.0
39.720001 -59.380001 -60.279999 2333400.0
38.68 -59.830002 -61.32 4507400.0
38.470001 -60.52 -61.529999 3842600.0
39.759997999999996 -60.009997999999996 -60.240002000000004 3502700.0
40.700001 -59.200001 -59.299999 3104100.0
41.380001 -58.57 -58.619999 3736300.0
41.880001 -58.119999 -58.119999 1585900.0
41.369999 -57.990002000000004 -58.630001 1867200.0
41.130001 -58.470001 -58.869999 1426900.0
41.380001 -58.43 -58.619999 588000.0
41.330002 -58.43 -58.669998 975900.0
41.369999 -58.41 -58.630001 1323500.0
40.939999 -58.209998999999996 -59.060001 1421100.0
40.560001 -58.689999 -59.439999 1529200.0
39.799999 -59.540001000000004 -60.200001 2041800.0
39.18 -59.98 -60.82 2080600.0
39.700001 -60.189999 -60.299999 3359700.0
40.889998999999996 -59.02 -59.110001000000004 2116300.0
40.59 -59.0 -59.41 1644900.0
40.110001000000004 -59.279999 -59.889998999999996 2770800.0
39.549999 -59.299999 -60.450001 2013100.0
39.060001 -60.900002 -60.939999 5133300.0
38.009997999999996 -60.59 -61.990002000000004 2628900.0
38.25 -61.540001000000004 -61.75 3004000.0
37.93 -61.34 -62.07 5033600.0
38.16 -61.59 -61.84 2721600.0
39.650002 -60.139998999999996 -60.349998 4856600.0
38.810001 -60.400002 -61.189999 1519300.0
39.150002 -60.830002 -60.849998 1510900.0
38.75 -60.75 -61.25 1703500.0
38.0 -60.950001 -62.0 2033500.0
38.459998999999996 -61.529999 -61.540001000000004 2330000.0
37.77 -61.68 -62.23 3054300.0
38.689999 -61.240002000000004 -61.310001 2508500.0
39.619999 -60.369999 -60.380001 2950400.0
39.110001000000004 -60.540001000000004 -60.889998999999996 2567400.0
39.529999 -60.18 -60.470001 1826300.0
39.34 -60.189999 -60.66 2697200.0
39.040001000000004 -60.57 -60.959998999999996 3586100.0
39.669998 -60.240002000000004 -60.330002 1408600.0
39.330002 -60.189999 -60.669998 3336800.0
40.02 -59.939999 -59.98 1317700.0
40.150002 -59.689999 -59.849998 2211900.0
40.52 -59.470001 -59.48 2875800.0
41.540001000000004 -57.799999 -58.459998999999996 9007200.0
41.150002 -58.43 -58.849998 3737300.0
41.950001 -57.889998999999996 -58.049999 2971900.0
41.73 -58.040001000000004 -58.27 1967900.0
42.060001 -57.889998999999996 -57.939999 1922100.0
42.200001 -57.509997999999996 -57.799999 2343500.0
42.360001000000004 -57.619999 -57.639998999999996 1505300.0
42.209998999999996 -57.639998999999996 -57.790001000000004 1676400.0
42.700001 -57.259997999999996 -57.299999 1847100.0
42.259997999999996 -57.43 -57.740002000000004 1635400.0
42.0 -57.84 -58.0 1306000.0
42.220001 -57.759997999999996 -57.779999 1376500.0
41.529999 -57.950001 -58.470001 1528600.0
41.740002000000004 -58.110001000000004 -58.259997999999996 1492400.0
40.630001 -58.73 -59.369999 1961300.0
40.849998 -58.869999 -59.150002 2064400.0
41.099998 -58.759997999999996 -58.900002 2719900.0
40.869999 -58.540001000000004 -59.130001 4704600.0
41.810001 -58.169998 -58.189999 2551400.0
41.580002 -58.310001 -58.419998 1504900.0
42.119999 -57.619999 -57.880001 1295600.0
42.209998999999996 -57.75 -57.790001000000004 1085700.0
42.209998999999996 -57.470001 -57.790001000000004 2315500.0
42.200001 -57.560001 -57.799999 1835400.0
41.09 -57.869999 -58.91 3626000.0
40.810001 -58.299999 -59.189999 2776200.0
40.700001 -59.029999 -59.299999 1573400.0
41.110001000000004 -58.82 -58.889998999999996 1932700.0
41.720001 -58.139998999999996 -58.279999 2064200.0
41.549999 -58.220001 -58.450001 1659200.0
41.389998999999996 -58.48 -58.610001000000004 2170300.0
42.049999 -57.869999 -57.950001 2135900.0
41.93 -57.799999 -58.07 2379800.0
42.439999 -57.48 -57.560001 3072400.0
42.259997999999996 -57.41 -57.740002000000004 2442800.0
42.490002000000004 -57.41 -57.509997999999996 1332300.0
43.549999 -56.439999 -56.450001 3370600.0
43.040001000000004 -56.41 -56.959998999999996 3708600.0
43.07 -56.799999 -56.93 1777700.0
43.380001 -56.439999 -56.619999 1445600.0
43.130001 -56.639998999999996 -56.869999 1070200.0
42.98 -56.950001 -57.02 2332500.0
43.189999 -56.560001 -56.810001 1410600.0
42.889998999999996 -56.5 -57.110001000000004 1719700.0
42.709998999999996 -57.16 -57.290001000000004 2726100.0
42.619999 -57.139998999999996 -57.380001 3972800.0
42.490002000000004 -57.189999 -57.509997999999996 2200200.0
41.98 -57.23 -58.02 2297800.0
42.18 -57.689999 -57.82 1803500.0
41.959998999999996 -57.799999 -58.040001000000004 2161000.0
41.369999 -58.060001 -58.630001 1726300.0
41.830002 -58.07 -58.169998 1880200.0
41.939999 -57.919998 -58.060001 1073800.0
41.59 -58.150002 -58.41 1254800.0
41.59 -58.139998999999996 -58.41 934600.0
41.799999 -58.150002 -58.200001 999700.0
42.5 -57.470001 -57.5 1033800.0
42.619999 -57.169998 -57.380001 975500.0
41.91 -57.5 -58.09 2617800.0
41.810001 -57.610001000000004 -58.189999 1992800.0
42.049999 -57.77 -57.950001 2883700.0
42.040001000000004 -57.740002000000004 -57.959998999999996 2147400.0
42.630001 -57.299999 -57.369999 1966100.0
42.369999 -57.169998 -57.630001 5277300.0
42.610001000000004 -57.16 -57.389998999999996 2652300.0
42.32 -57.27 -57.68 2126300.0
42.5 -57.330002 -57.5 1484800.0
42.060001 -57.369999 -57.939999 1919600.0
42.610001000000004 -57.07 -57.389998999999996 2506300.0
41.75 -57.290001000000004 -58.25 3347400.0
41.189999 -58.169998 -58.810001 5022600.0
40.919998 -58.57 -59.080002 2440000.0
41.110001000000004 -58.860001000000004 -58.889998999999996 2947500.0
41.099998 -58.639998999999996 -58.900002 2722100.0
40.540001000000004 -58.919998 -59.459998999999996 4091900.0
40.310001 -59.330002 -59.689999 1760300.0
39.950001 -59.650002 -60.049999 1353000.0
40.119999 -59.669998 -59.880001 1439000.0
40.52 -59.41 -59.48 1789300.0
40.529999 -59.400002 -59.470001 1577000.0
39.84 -59.509997999999996 -60.16 2769600.0
39.52 -60.369999 -60.48 2361900.0
39.790001000000004 -60.189999 -60.209998999999996 1422600.0
39.599998 -60.200001 -60.400002 1519400.0
39.900002 -59.939999 -60.099998 1865000.0
39.490002000000004 -60.060001 -60.509997999999996 2658800.0
39.810001 -59.990002000000004 -60.189999 3909300.0
39.599998 -60.049999 -60.400002 2053600.0
40.189999 -59.549999 -59.810001 6127700.0
40.049999 -59.48 -59.950001 5265800.0
40.02 -59.830002 -59.98 3350500.0
38.740002000000004 -60.200001 -61.259997999999996 2516400.0
38.580002 -60.810001 -61.419998 3037400.0
39.259997999999996 -60.700001 -60.740002000000004 4486400.0
39.580002 -60.360001000000004 -60.419998 2160800.0
39.360001000000004 -60.34 -60.639998999999996 2509400.0
39.790001000000004 -60.209998999999996 -60.209998999999996 2927800.0
38.75 -60.52 -61.25 3391000.0
38.919998 -60.669998 -61.080002 2237900.0
39.400002 -60.560001 -60.599998 2107100.0
39.959998999999996 -60.0 -60.040001000000004 1579700.0
40.490002000000004 -59.34 -59.509997999999996 2800900.0
40.130001 -59.48 -59.869999 2247700.0
40.34 -59.560001 -59.66 1826300.0
39.950001 -59.669998 -60.049999 2412400.0
40.060001 -59.869999 -59.939999 1155200.0
39.57 -59.990002000000004 -60.43 1160900.0
40.330002 -59.580002 -59.669998 2949400.0
40.25 -59.630001 -59.75 1708800.0
39.310001 -59.830002 -60.689999 1844900.0
39.610001000000004 -60.349998 -60.389998999999996 5261300.0
40.450001 -59.529999 -59.549999 2768200.0
40.400002 -59.27 -59.599998 2014100.0
40.970001 -58.950001 -59.029999 2440400.0
40.950001 -58.860001000000004 -59.049999 2247700.0
41.0 -58.869999 -59.0 2104200.0
40.619999 -58.650002 -59.380001 1448100.0
40.720001 -58.810001 -59.279999 949500.0
40.119999 -59.040001000000004 -59.880001 1932000.0
39.990002000000004 -59.790001000000004 -60.009997999999996 1513100.0
40.470001 -59.360001000000004 -59.529999 1554500.0
39.419998 -59.810001 -60.580002 1575700.0
38.889998999999996 -60.889998999999996 -61.110001000000004 3431000.0
38.560001 -61.060001 -61.439999 2848900.0
38.650002 -61.27 -61.349998 2632700.0
38.82 -60.98 -61.18 3302100.0
39.02 -59.650002 -60.98 6416900.0
38.400002 -61.189999 -61.599998 2729000.0
37.509997999999996 -61.689999 -62.490002000000004 2144600.0
36.23 -62.509997999999996 -63.77 3827500.0
34.68 -63.990002000000004 -65.32 4115000.0
34.360001000000004 -63.830002 -65.63999899999999 3802700.0
35.619999 -64.299999 -64.380001 3233800.0
36.639998999999996 -63.330002 -63.360001000000004 2406300.0
36.509997999999996 -63.34 -63.490002000000004 1783600.0
36.310001 -63.450001 -63.689999 2554700.0
34.75 -64.41999799999999 -65.25 2953900.0
35.529999 -64.470001 -64.470001 2118300.0
35.75 -63.880001 -64.25 2140400.0
35.060001 -64.490002 -64.939999 2819000.0
36.209998999999996 -63.75 -63.790001000000004 1787400.0
35.540001000000004 -63.200001 -64.459999 1885300.0
35.860001000000004 -63.959998999999996 -64.13999899999999 1628700.0
35.959998999999996 -64.040001 -64.040001 1443300.0
35.549999 -63.91 -64.450001 2223300.0
36.150002 -63.700001 -63.849998 1752700.0
36.52 -63.130001 -63.48 2130100.0
36.400002 -63.009997999999996 -63.599998 1819100.0
35.740002000000004 -63.779999 -64.259998 3352300.0
35.689999 -63.93 -64.310001 2640200.0
35.049999 -64.66999799999999 -64.950001 2283300.0
34.950001 -64.759998 -65.049999 1962600.0
34.549999 -65.36000100000001 -65.450001 2028900.0
34.450001 -64.97999999999999 -65.549999 2730700.0
33.369999 -65.72999999999999 -66.630001 2615400.0
33.740002000000004 -65.939999 -66.259998 2252400.0
34.330002 -65.57 -65.66999799999999 2545700.0
33.740002000000004 -65.52000000000001 -66.259998 3011400.0
34.669998 -65.32 -65.33000200000001 3519400.0
35.34 -64.61000100000001 -64.66 1675400.0
34.900002 -64.790001 -65.099998 1833700.0
35.540001000000004 -64.220001 -64.459999 3085400.0
36.009997999999996 -63.93 -63.990002000000004 2597900.0
36.23 -63.66 -63.77 3232900.0
35.990002000000004 -63.82 -64.009998 1349900.0
35.630001 -63.759997999999996 -64.369999 2383200.0
35.049999 -64.22999999999999 -64.950001 1647400.0
35.580002 -64.32 -64.41999799999999 1433000.0
35.779999 -63.98 -64.220001 1754300.0
36.23 -63.77 -63.77 3685800.0
36.32 -63.48 -63.68 2573300.0
35.900002 -63.400002 -64.099998 2886400.0
36.09 -63.049999 -63.91 3696200.0
37.110001000000004 -62.73 -62.889998999999996 2732600.0
36.830002 -62.889998999999996 -63.169998 1948400.0
37.049999 -62.939999 -62.950001 2557200.0
37.52 -62.389998999999996 -62.48 1780100.0
37.700001 -62.23 -62.299999 1352300.0
37.759997999999996 -61.900002 -62.240002000000004 2194600.0
38.59 -61.380001 -61.41 1810800.0
38.27 -61.48 -61.73 1485800.0
38.34 -61.52 -61.66 1569600.0
38.299999 -61.5 -61.700001 1419800.0
38.139998999999996 -61.560001 -61.860001000000004 1964100.0
37.919998 -61.919998 -62.080002 3109600.0
37.98 -61.830002 -62.02 4338700.0
37.66 -61.779999 -62.34 1967900.0
37.490002000000004 -62.23 -62.509997999999996 3096300.0
36.77 -62.43 -63.23 3335100.0
37.330002 -62.509997999999996 -62.669998 2490200.0
38.380001 -61.5 -61.619999 7679500.0
39.34 -60.639998999999996 -60.66 6589600.0
38.5 -60.299999 -61.5 7274500.0
39.279999 -60.650002 -60.720001 5447900.0
40.029999 -59.93 -59.970001 6473400.0
40.669998 -59.279999 -59.330002 5669100.0
41.34 -58.5 -58.66 3797000.0
41.970001 -57.799999 -58.029999 1935700.0
41.82 -57.950001 -58.18 3208100.0
41.060001 -57.689999 -58.939999 7988900.0
40.419998 -58.540001000000004 -59.580002 4713200.0
40.150002 -59.259997999999996 -59.849998 3314500.0
41.099998 -58.790001000000004 -58.900002 2519100.0
40.700001 -58.900002 -59.299999 2004500.0
41.169998 -58.720001 -58.830002 4331800.0
40.98 -58.200001 -59.02 4133300.0
41.25 -58.34 -58.75 3709200.0
40.189999 -59.25 -59.810001 2634400.0
40.25 -59.459998999999996 -59.75 2310500.0
40.810001 -58.900002 -59.189999 2195400.0
41.43 -58.43 -58.57 2582600.0
40.779999 -58.369999 -59.220001 2218800.0
40.099998 -59.290001000000004 -59.900002 3364800.0
40.830002 -58.880001 -59.169998 1734500.0
41.220001 -58.669998 -58.779999 1643200.0
41.77 -58.139998999999996 -58.23 1510700.0
42.139998999999996 -57.740002000000004 -57.860001000000004 874500.0
41.779999 -57.919998 -58.220001 1458200.0
42.360001000000004 -57.52 -57.639998999999996 1757000.0
42.169998 -57.619999 -57.830002 834300.0
41.810001 -57.650002 -58.189999 1449300.0
40.689999 -58.810001 -59.310001 3287300.0
40.549999 -59.049999 -59.450001 2587200.0
40.73 -59.009997999999996 -59.27 2103600.0
39.0 -59.849998 -61.0 3504300.0
38.59 -60.290001000000004 -61.41 3736700.0
37.939999 -61.099998 -62.060001 2818400.0
38.189999 -61.419998 -61.810001 1989400.0
36.860001000000004 -61.529999 -63.139998999999996 4206600.0
37.610001000000004 -62.119999 -62.389998999999996 2893300.0
37.110001000000004 -62.439999 -62.889998999999996 2988900.0
37.200001 -62.080002 -62.799999 2506500.0
37.259997999999996 -62.389998999999996 -62.740002000000004 2469100.0
37.23 -62.169998 -62.77 2298400.0
37.98 -61.82 -62.02 1834500.0
37.610001000000004 -61.970001 -62.389998999999996 1831200.0
37.509997999999996 -62.040001000000004 -62.490002000000004 1754900.0
37.049999 -62.080002 -62.950001 1479400.0
36.110001000000004 -62.73 -63.889998999999996 3479400.0
37.650002 -62.310001 -62.349998 2959900.0
37.689999 -62.049999 -62.310001 2666200.0
37.07 -62.450001 -62.93 1742300.0
37.189999 -62.639998999999996 -62.810001 2128100.0
37.419998 -62.209998999999996 -62.580002 2833500.0
36.040001000000004 -62.689999 -63.959998999999996 4424600.0
34.799999 -64.220001 -65.200001 3888600.0
35.369999 -64.22999999999999 -64.630001 3464500.0
35.849998 -63.27 -64.150002 3170000.0
35.330002 -64.38999899999999 -64.66999799999999 3224000.0
36.220001 -63.77 -63.779999 3923600.0
37.080002 -62.830002 -62.919998 2903600.0
37.869999 -61.869999 -62.130001 5382300.0
37.189999 -62.040001000000004 -62.810001 2231500.0
37.439999 -62.400002 -62.560001 2339400.0
38.029999 -61.810001 -61.970001 1792500.0
37.169998 -62.040001000000004 -62.830002 1282300.0
37.48 -62.5 -62.52 1454900.0
37.630001 -62.290001000000004 -62.369999 1453500.0
37.59 -62.080002 -62.41 944200.0
37.349998 -62.299999 -62.650002 2187500.0
38.59 -61.34 -61.41 2759500.0
39.040001000000004 -60.73 -60.959998999999996 3612300.0
39.200001 -60.77 -60.799999 946800.0
39.34 -60.419998 -60.66 1125000.0
39.43 -60.32 -60.57 1221600.0
38.09 -60.869999 -61.91 1801500.0
38.130001 -61.599998 -61.869999 1614600.0
37.98 -61.490002000000004 -62.02 1615000.0
39.23 -60.73 -60.77 1517300.0
39.02 -60.830002 -60.98 929600.0
38.290001000000004 -61.290001000000004 -61.709998999999996 1059400.0
38.98 -60.900002 -61.02 1956100.0
39.290001000000004 -60.560001 -60.709998999999996 1895700.0
40.189999 -59.52 -59.810001 2504400.0
39.650002 -59.860001000000004 -60.349998 2172600.0
39.880001 -59.959998999999996 -60.119999 1552300.0
39.470001 -60.009997999999996 -60.529999 1554800.0
39.43 -60.549999 -60.57 993500.0
39.52 -60.25 -60.48 1272700.0
40.16 -59.779999 -59.84 1091200.0
40.119999 -59.419998 -59.880001 783400.0
39.849998 -59.900002 -60.150002 3143500.0
40.310001 -59.619999 -59.689999 2857800.0
40.009997999999996 -59.48 -59.990002000000004 2958100.0
39.259997999999996 -60.110001000000004 -60.740002000000004 1900700.0
40.240002000000004 -59.75 -59.759997999999996 1566600.0
39.470001 -59.900002 -60.529999 1373800.0
39.540001000000004 -60.029999 -60.459998999999996 1106300.0
39.41 -60.0 -60.59 1049300.0
39.75 -60.169998 -60.25 992500.0
40.689999 -59.0 -59.310001 2494600.0
40.779999 -58.919998 -59.220001 1347800.0
40.91 -59.049999 -59.09 1442300.0
41.310001 -58.549999 -58.689999 1536100.0
41.400002 -58.259997999999996 -58.599998 1640600.0
41.52 -58.32 -58.48 1243900.0
41.93 -58.0 -58.07 1670400.0
41.799999 -58.02 -58.200001 1396300.0
41.630001 -58.139998999999996 -58.369999 1500400.0
41.32 -58.119999 -58.68 1869000.0
41.580002 -58.25 -58.419998 1189300.0
41.18 -58.220001 -58.82 1549800.0
40.919998 -58.959998999999996 -59.080002 2027900.0
41.709998999999996 -58.25 -58.290001000000004 1285300.0
41.240002000000004 -58.509997999999996 -58.759997999999996 1334000.0
40.52 -58.799999 -59.48 1603000.0
40.959998999999996 -58.970001 -59.040001000000004 1084000.0
41.43 -58.380001 -58.57 1403500.0
41.330002 -58.220001 -58.669998 1741500.0
42.0 -58.0 -58.0 2094300.0
42.459998999999996 -56.799999 -57.540001000000004 3329000.0
42.73 -57.060001 -57.27 2504900.0
42.619999 -57.07 -57.380001 2430600.0
42.939999 -56.93 -57.060001 3979300.0
44.41 -54.66 -55.59 7130400.0
44.32 -55.259997999999996 -55.68 3476500.0
44.560001 -55.18 -55.439999 3659500.0
44.889998999999996 -54.779999 -55.110001000000004 2567400.0
44.57 -55.040001000000004 -55.43 1689700.0
45.029999 -54.709998999999996 -54.970001 3236300.0
45.419998 -54.389998999999996 -54.580002 2352400.0
45.509997999999996 -54.400002 -54.490002000000004 2569600.0
45.82 -54.150002 -54.18 1822700.0
45.889998999999996 -54.0 -54.110001000000004 2256400.0
45.950001 -53.900002 -54.049999 1733600.0
45.900002 -53.849998 -54.099998 2209400.0
45.720001 -54.150002 -54.279999 2395100.0
45.860001000000004 -53.990002000000004 -54.139998999999996 2359000.0
45.75 -54.049999 -54.25 1500400.0
46.150002 -53.82 -53.849998 1552100.0
46.09 -53.82 -53.91 1203900.0
45.360001000000004 -54.220001 -54.639998999999996 1261700.0
44.919998 -54.48 -55.080002 1272800.0
44.91 -55.049999 -55.09 1624100.0
44.939999 -54.619999 -55.060001 2029200.0
45.369999 -54.57 -54.630001 1784700.0
45.360001000000004 -54.580002 -54.639998999999996 3434800.0
46.139998999999996 -53.650002 -53.860001000000004 3161300.0
46.16 -53.669998 -53.84 2112900.0
46.029999 -53.529999 -53.970001 2411900.0
46.68 -53.32 -53.32 1487900.0
44.119999 -54.93 -55.880001 5263600.0
42.259997999999996 -56.290001000000004 -57.740002000000004 4328100.0
43.110001000000004 -56.889998999999996 -56.889998999999996 4300800.0
43.759997999999996 -56.02 -56.240002000000004 2402600.0
44.360001000000004 -55.599998 -55.639998999999996 2181100.0
44.599998 -55.200001 -55.400002 1591500.0
43.75 -55.650002 -56.25 1813500.0
44.470001 -55.450001 -55.529999 2312100.0
44.419998 -55.259997999999996 -55.580002 1860700.0
45.48 -54.450001 -54.52 1838100.0
45.400002 -54.23 -54.599998 1094700.0
46.529999 -53.34 -53.470001 2237700.0
46.41 -53.18 -53.59 1852400.0
46.799999 -53.02 -53.200001 1192500.0
46.669998 -53.040001000000004 -53.330002 1202100.0
46.799999 -53.119999 -53.200001 1362900.0
46.98 -53.0 -53.02 2583900.0
47.009997999999996 -52.82 -52.990002000000004 2124600.0
46.669998 -52.860001000000004 -53.330002 1218400.0
46.580002 -53.209998999999996 -53.419998 1512400.0
46.139998999999996 -53.48 -53.860001000000004 1719800.0
46.950001 -53.049999 -53.049999 1792700.0
47.259997999999996 -52.540001000000004 -52.740002000000004 1572600.0
47.509997999999996 -52.25 -52.490002000000004 1944800.0
48.110001000000004 -51.82 -51.889998999999996 1881400.0
47.869999 -51.889998999999996 -52.130001 1604600.0
47.18 -52.25 -52.82 1595900.0
47.09 -52.82 -52.91 1508900.0
46.830002 -52.669998 -53.169998 1700200.0
47.490002000000004 -52.459998999999996 -52.509997999999996 1250700.0
47.23 -52.330002 -52.77 1311700.0
47.450001 -52.369999 -52.549999 1006200.0
47.509997999999996 -52.419998 -52.490002000000004 754100.0
48.130001 -51.810001 -51.869999 1377000.0
48.139998999999996 -51.799999 -51.860001000000004 1538600.0
48.439999 -51.380001 -51.560001 2323500.0
48.279999 -51.459998999999996 -51.720001 3176000.0
48.43 -51.369999 -51.57 3154900.0
46.720001 -52.66 -53.279999 4660000.0
47.619999 -52.209998999999996 -52.380001 3340400.0
47.580002 -52.150002 -52.419998 1626800.0
47.82 -51.91 -52.18 1645100.0
46.700001 -52.18 -53.299999 2634700.0
47.259997999999996 -52.580002 -52.740002000000004 2160100.0
47.32 -52.209998999999996 -52.68 1581200.0
47.619999 -52.110001000000004 -52.380001 1333000.0
47.139998999999996 -52.189999 -52.860001000000004 2231200.0
46.98 -52.810001 -53.02 1676600.0
46.990002000000004 -52.779999 -53.009997999999996 1257900.0
47.0 -52.610001000000004 -53.0 1424500.0
46.950001 -52.889998999999996 -53.049999 1460900.0
47.110001000000004 -52.830002 -52.889998999999996 1542400.0
47.02 -52.84 -52.98 884700.0
44.880001 -53.470001 -55.119999 2507000.0
45.75 -54.189999 -54.25 1835400.0
44.900002 -54.580002 -55.099998 3461800.0
44.860001000000004 -54.900002 -55.139998999999996 1604800.0
45.439999 -54.32 -54.560001 1734000.0
44.790001000000004 -54.610001000000004 -55.209998999999996 2592900.0
44.950001 -54.52 -55.049999 1927900.0
45.709998999999996 -54.049999 -54.290001000000004 2333000.0
46.040001000000004 -53.75 -53.959998999999996 1612600.0
46.669998 -53.299999 -53.330002 1306400.0
46.610001000000004 -53.130001 -53.389998999999996 1957000.0
46.57 -53.23 -53.43 2639100.0
46.700001 -53.290001000000004 -53.299999 1587100.0
47.18 -52.740002000000004 -52.82 1502500.0
46.41 -52.73 -53.59 1938200.0
47.09 -52.68 -52.91 1754300.0
47.139998999999996 -52.77 -52.860001000000004 1538800.0
46.830002 -52.700001 -53.169998 1764000.0
47.150002 -52.689999 -52.849998 1431900.0
47.299999 -52.57 -52.700001 1772800.0
47.380001 -52.509997999999996 -52.619999 1663100.0
47.689999 -51.849998 -52.310001 1544900.0
45.689999 -52.810001 -54.310001 2912500.0
45.470001 -54.18 -54.529999 1736100.0
45.16 -54.68 -54.84 1336000.0
45.080002 -54.380001 -54.919998 997100.0
45.150002 -54.529999 -54.849998 1160300.0
45.439999 -54.169998 -54.560001 1949100.0
46.02 -53.849998 -53.98 1769000.0
46.049999 -53.779999 -53.950001 1493600.0
45.57 -54.330002 -54.43 1011300.0
45.849998 -54.049999 -54.150002 1666400.0
43.509997999999996 -54.41 -56.490002000000004 3949500.0
43.369999 -56.18 -56.630001 2146200.0
43.380001 -55.810001 -56.619999 2392800.0
43.220001 -56.130001 -56.779999 1470500.0
43.57 -56.299999 -56.43 1556800.0
43.490002000000004 -55.889998999999996 -56.509997999999996 2133100.0
43.259997999999996 -56.27 -56.740002000000004 2240300.0
43.66 -56.0 -56.34 2510100.0
44.32 -55.080002 -55.68 2220900.0
45.709998999999996 -54.240002000000004 -54.290001000000004 1724000.0
45.619999 -54.040001000000004 -54.380001 2136700.0
45.939999 -53.91 -54.060001 3501200.0
47.029999 -52.619999 -52.970001 2558700.0
46.369999 -53.130001 -53.630001 2219300.0
45.330002 -53.27 -54.669998 3443200.0
45.400002 -54.0 -54.599998 4710200.0
46.18 -52.200001 -53.82 4026800.0
45.939999 -53.84 -54.060001 2070600.0
45.040001000000004 -53.799999 -54.959998999999996 3148500.0
44.970001 -54.759997999999996 -55.029999 2540100.0
44.459998999999996 -54.84 -55.540001000000004 2831200.0
44.650002 -55.220001 -55.349998 1926300.0
44.889998999999996 -54.990002000000004 -55.110001000000004 877100.0
43.599998 -55.310001 -56.400002 2241800.0
44.48 -55.369999 -55.52 1951900.0
43.98 -55.099998 -56.02 2238600.0
43.209998999999996 -55.900002 -56.790001000000004 2823100.0
44.029999 -55.91 -55.970001 2153200.0
44.529999 -55.310001 -55.470001 2495000.0
44.84 -55.099998 -55.16 1136700.0
44.990002000000004 -55.009997999999996 -55.009997999999996 1815200.0
45.799999 -54.169998 -54.200001 1848400.0
46.299999 -53.68 -53.700001 1937500.0
46.139998999999996 -53.25 -53.860001000000004 1851500.0
46.389998999999996 -53.389998999999996 -53.610001000000004 1734700.0
46.139998999999996 -53.209998999999996 -53.860001000000004 2044100.0
46.560001 -53.23 -53.439999 1338900.0
45.91 -53.080002 -54.09 2103200.0
45.43 -53.779999 -54.57 1084200.0
46.209998999999996 -53.689999 -53.790001000000004 1552400.0
46.040001000000004 -53.639998999999996 -53.959998999999996 1652300.0
45.970001 -53.869999 -54.029999 968300.0
46.200001 -53.77 -53.799999 727700.0
46.509997999999996 -53.34 -53.490002000000004 1535500.0
45.720001 -53.299999 -54.279999 1177300.0
45.639998999999996 -54.0 -54.360001000000004 891000.0
45.560001 -54.18 -54.439999 1216100.0
